1   9852    0.8862097822    0.0000194282
2   15834   0.8861670718    0.0000676217
3   14436   0.8863736685    0.0001654977
4   15604   0.8861463839    0.0000909655
5   15094   0.8863781582    0.0001705638
6   15278   0.8859309132    0.0003340982
7   15275   0.8861273027    0.0001124964
8   14888   0.8860805958    0.0001651994
9   16272   0.8861467554    0.0000905464
10  15613   0.8859800192    0.0002786879
11  16967   0.8862174553    0.0000107700
12  17303   0.8864247276    0.0002231117
13  17434   0.8861262769    0.0001136538
14  18570   0.8861057928    0.0001367676
15  19480   0.8862503949    0.0000263983
16  20189   0.8857918683    0.0004909935
17  19692   0.8859903769    0.0002670006
18  19013   0.8857005289    0.0005940589
19  19639   0.8861425575    0.0000952832
20  20073   0.8859237343    0.0003421986
21  20720   0.8860155794    0.0002385625
22  20528   0.8864230839    0.0002212569
23  21132   0.8863203741    0.0001053614
24  21494   0.8860704052    0.0001766983
25  21024   0.8860604628    0.0001879171
26  20764   0.8863155224    0.0000998868
27  20199   0.8860224847    0.0002307708
28  17893   0.8865780952    0.0003961685
29  18278   0.8856517803    0.0006490659
30  17403   0.8865311983    0.0003432510