1   0.8864179144    0.0002154238    804
2   0.8861122082    0.0001295287    462
3   0.8866335339    0.0004587243    382
4   0.8859337473    0.0003309002    322
5   0.8857793984    0.0005050643    325
6   0.8859923379    0.0002647878    295
7   0.8863383094    0.0001255992    301
8   0.8862994423    0.0000817424    296
9   0.8860300037    0.0002222865    258
10  0.8857928784    0.0004898537    272
11  0.8862350941    0.0000091333    284
12  0.8853467215    0.0009932878    277
13  0.8858925775    0.0003773554    272
14  0.8865901531    0.0004097744    252
15  0.8864159955    0.0002132585    269
16  0.8865794081    0.0003976499    221