1   6500    106442  197722  3810
2   3250    10230   97555  3804
3   2167    10125   72978  3782
4   1625    10233   48888  3941
5   1300    10304   48830  3777
6   1084    12381   31010  3856
7   929 10148   30708   3748
8   813 10109    25592   3808
9   723 10152    29615   3773
10  650 10237    33665   3749
11  591 10099    27735   3857
12  542 10236    24661   3766
13  500 10054    33963   3788
14  465 10178    29252   3769
15  434 10273    18979   3785
16  407 10117    19128   3755
17  383 10131    18292   3776
18  362 10133    18436   3765
19  343 10098    18504   3889
20  325 10270    18039   3772
21  310 10089    16743   3745
22  296 10102    16422   3750
23  283 10236    15031   3785
24  271 10122   12944   3763
25  260 10338    18646   3794
26  250 10286    18488   3809
27  241 10081    18796   3890
28  233 10104    18292   3754
29  225 10145    19067   3764
30  217 10226    18197   3720
31  210 10242    18233   3829
32  204 10149    18842   3751