1   6500    10069   204611 5819
2   3250    10283   97604  3789
3   2167    10232   72982  3811
4   1625    10109   49030  3817
5   1300    10124   48916  3785
6   1084    10116   30958  3792
7   929 10165    30705   3746
8   813 10125    25597   4000
9   723 10165    32544   3733
10  650 10114    33895   3840
11  591 10165    27541   3746
12  542 10142    24780   3801
13  500 10243    34451   3818
14  465 10194    27905   3751
15  434 10100    19180   3745
16  407 10090    19157   3931
17  383 10158    18404   3756
18  362 10067    18507   3858
19  343 10216    18405   3764
20  325 10070    18242   3788
21  310 10124    16934   3765
22  296 10048    16686   3750
23  283 10187    15183   3769
24  271 10225    13005   3781
25  260 10068    18716   3749
26  250 10239    18491   3829
27  241 10065    18772   3786
28  233 10181    18582   3742
29  225 10113    19028   3765
30  217 10247    18358   3840
31  210 10098    18454   3735
32  204 10133   18210   3813