1   6500    10146   204540  3889
2   3250    10156   97203   3807
3   2167    10176   72989   3778
4   1625    10227   49040   3765
5   1300    10215   48660   3961
6   1084    10065   30990   3761
7   929 10185   30675   3757
8   813 10098   25480   3760
9   723   10125  29686 3930
10  650 10141    30756   4035
11  591 10222    30699   3750
12  542 10117    24866   3747
13  500 10086    33957   3939
14  465 10114    29248   3754
15  434 10197    19038   3741
16  407 10118    19176   3752
17  383 10128    18462   3864
18  362 10088    18536   3762
19  343 10145    18528   3754
20  325 10108    17965   3750
21  310 10131    16326   3887
22  296 10180    16571   3792
23  283 10054    15179   3850
24  271 10115    12976   3769
25  260 10185    18605   3912
26  250 10212    18719   3747
27  241 10139    18372   3744
28  233 10153    18230   3818
29  225 10201    18602   3914
30  217 10197    18311   3749
31  210 10294    18785   3746
32  204 10055    18701   3741