1   9852    0.8862097822    0.0000194282
2   15834   0.8861670718    0.0000676217
3   14436   0.8863736685    0.0001654977
4   15604   0.8861463839    0.0000909655
5   15094   0.8863781582    0.0001705638
6   15278   0.8859309132    0.0003340982
7   15275   0.8861273027    0.0001124964
8   14888   0.8860805958    0.0001651994
9   16272   0.8861467554    0.0000905464
10  15613   0.8859800192    0.0002786879
11  16967   0.8862174553    0.0000107700
12  17303   0.8864247276    0.0002231117
13  17434   0.8861262769    0.0001136538
14  18570   0.8861057928    0.0001367676
15  19480   0.8862503949    0.0000263983
16  20189   0.8857918683    0.0004909935
17  19692   0.8859903769    0.0002670006
18  19013   0.8857005289    0.0005940589
19  19639   0.8861425575    0.0000952832
20  20073   0.8859237343    0.0003421986
21  20720   0.8860155794    0.0002385625
22  20528   0.8864230839    0.0002212569
23  21132   0.8863203741    0.0001053614
24  21494   0.8860704052    0.0001766983
25  21024   0.8860604628    0.0001879171
26  20764   0.8863155224    0.0000998868
27  20199   0.8860224847    0.0002307708
28  17893   0.8865780952    0.0003961685
29  18278   0.8856517803    0.0006490659
30  17403   0.8865311983    0.0003432510


31
17907
0.8860651762
0.0001825986


32
17420
0.8856098752
0.0006963508


33
16075
0.8860347155
0.0002169698


34
15850
0.8861447478
0.0000928116


35
14889
0.8859861115
0.0002718135


36
14734
0.8862800259
0.0000598333


37
14626
0.8863297400
0.0001159297


38
14718
0.8861519385
0.0000846979


39
15035
0.8865248688
0.0003361089


40
14972
0.8863519900
0.0001410361


41
14288
0.8867685405
0.0006110629


42
14654
0.8858071378
0.0004737638


43
14256
0.8860886020
0.0001561654


44
13947
0.8862718602
0.0000506193


45
14089
0.8865458447
0.0003597777


46
13958
0.8862860284
0.0000666064


47
13538
0.8860233515
0.0002297927


48
13729
0.8867027960
0.0005368782


49
13490
0.8865125868
0.0003222502


50
13056
0.8859217131
0.0003444794


51
12973
0.8863381143
0.0001253791


52
12703
0.8867858818
0.0006306306


53
12749
0.8866299329
0.0004546610


54
12380
0.8854323803
0.0008966322


55
12552
0.8864702180
0.0002744421


56
12414
0.8859355851
0.0003288265


57
12519
0.8857331284
0.0005572744


58
12634
0.8868366807
0.0006879509


59
12076
0.8863514008
0.0001403712


60
11995
0.8862516938
0.0000278640


61
12250
0.8862778990
0.0000574334


62
11608
0.8864201936
0.0002179956


63
11847
0.8867488892
0.0005888889


64
11933
0.8866526554
0.0004803006


65
11374
0.8864345446
0.0002341890


66
11924
0.8862064468
0.0000231918


67
11341
0.8862996494
0.0000819761


68
12006
0.8868210872
0.0006703555


69
11859
0.8862449669
0.0000202735


70
11978
0.8860303819
0.0002218597

