0	1e-05
0.01	1e-05
0.02	5.85785e-06
0.03	7.10714e-07
0.04	6.98489e-06
0.05	1.03658e-05
0.06	9.45306e-06
0.07	8.54031e-06
0.08	7.62756e-06
0.09	6.71481e-06
0.1	5.80206e-06
0.11	4.8893e-06
0.12	3.97655e-06
0.13	3.0638e-06
0.14	2.15105e-06
0.15	1.2383e-06
0.16	3.25545e-07
0.17	5.87207e-07
0.18	1.49996e-06
0.19	2.41271e-06
0.2	3.32546e-06
0.21	4.23821e-06
0.22	5.15097e-06
0.23	6.06372e-06
0.24	6.97647e-06
0.25	7.88922e-06
0.26	8.80197e-06
0.27	9.71472e-06
0.28	1.06275e-05
0.29	1.15402e-05
0.3	1.2453e-05
0.31	1.33657e-05
0.32	1.42785e-05
0.33	1.51912e-05
0.34	1.6104e-05
0.35	1.70167e-05
0.36	1.79295e-05
0.37	1.88422e-05
0.38	1.9755e-05
0.39	2.06677e-05
0.4	1.30196e-05
0.41	2.14586e-08
0.42	1.30536e-05
0.43	2.06788e-05
0.44	1.97385e-05
0.45	1.87982e-05
0.46	1.78579e-05
0.47	1.69175e-05
0.48	1.59772e-05
0.49	1.50369e-05
0.5	1.40966e-05
0.51	1.31563e-05
0.52	1.2216e-05
0.53	1.12757e-05
0.54	1.03354e-05
0.55	9.39506e-06
0.56	8.45475e-06
0.57	7.51444e-06
0.58	6.57413e-06
0.59	5.63382e-06
0.6	4.69351e-06
0.61	3.7532e-06
0.62	2.81289e-06
0.63	1.87258e-06
0.64	9.3227e-07
0.65	8.0407e-09
0.66	9.48351e-07
0.67	1.88866e-06
0.68	2.82897e-06
0.69	3.76928e-06
0.7	4.70959e-06
0.71	5.6499e-06
0.72	6.59021e-06
0.73	7.53052e-06
0.74	8.47083e-06
0.75	9.41115e-06
0.76	1.03515e-05
0.77	7.00404e-06
0.78	7.55437e-07
0.79	5.80607e-06
0.8	9.96262e-06
0.81	9.9925e-06
0.82	1.00224e-05
0.83	1.00523e-05
0.84	1.00821e-05
0.85	1.0112e-05
0.86	1.01419e-05
0.87	1.01718e-05
0.88	1.02016e-05
0.89	1.02315e-05
0.9	1.02614e-05
0.91	1.02913e-05
0.92	1.03212e-05
0.93	1.0351e-05
0.94	1.03809e-05
0.95	1.04108e-05
0.96	1.04407e-05
0.97	1.04705e-05
0.98	1.05004e-05
0.99	1.05303e-05
1	1.05602e-05
1.01	1.059e-05
1.02	1.06199e-05
1.03	1.06498e-05
1.04	1.06797e-05
1.05	1.07096e-05
1.06	1.07394e-05
1.07	1.07693e-05
1.08	1.07992e-05
1.09	1.08291e-05
1.1	1.08589e-05
1.11	1.08888e-05
1.12	1.09187e-05
1.13	6.42589e-06
1.14	7.28629e-07
1.15	7.58133e-06
1.16	1.12937e-05
1.17	1.03281e-05
1.18	9.36246e-06
1.19	8.39683e-06
1.2	7.43119e-06
1.21	6.46556e-06
1.22	5.49992e-06
1.23	4.53428e-06
1.24	3.56865e-06
1.25	2.60301e-06
1.26	1.63738e-06
1.27	6.71741e-07
1.28	2.93895e-07
1.29	1.25953e-06
1.3	2.22517e-06
1.31	3.1908e-06
1.32	4.15644e-06
1.33	5.12207e-06
1.34	6.08771e-06
1.35	7.05335e-06
1.36	8.01898e-06
1.37	8.98462e-06
1.38	9.95025e-06
1.39	1.09159e-05
1.4	1.18815e-05
1.41	1.28472e-05
1.42	1.38128e-05
1.43	1.47784e-05
1.44	1.57441e-05
1.45	1.67097e-05
1.46	1.76753e-05
1.47	1.8641e-05
1.48	1.18852e-05
1.49	2.0645e-07
1.5	1.15579e-05
1.51	1.85347e-05
1.52	1.78342e-05
1.53	1.71337e-05
1.54	1.64332e-05
1.55	1.57327e-05
1.56	1.50322e-05
1.57	1.43317e-05
1.58	1.36312e-05
1.59	1.29307e-05
1.6	1.22302e-05
1.61	1.15297e-05
1.62	1.08292e-05
1.63	1.01287e-05
1.64	9.42824e-06
1.65	8.72774e-06
1.66	8.02724e-06
1.67	7.32674e-06
1.68	6.62625e-06
1.69	5.92575e-06
1.7	5.22525e-06
1.71	4.52475e-06
1.72	3.82425e-06
1.73	3.12375e-06
1.74	2.42326e-06
1.75	1.72276e-06
1.76	1.02226e-06
1.77	3.21762e-07
1.78	3.78736e-07
1.79	1.07923e-06
1.8	1.77973e-06
1.81	2.48023e-06
1.82	3.18073e-06
1.83	2.56372e-06
1.84	8.8478e-07
1.85	1.16065e-06
1.86	2.72532e-06
1.87	4.28999e-06
1.88	5.85466e-06
1.89	7.41933e-06
1.9	8.984e-06
1.91	1.05487e-05
1.92	1.21133e-05
1.93	1.3678e-05
1.94	1.52427e-05
1.95	1.68074e-05
1.96	1.8372e-05
1.97	1.99367e-05
1.98	2.15014e-05
1.99	2.3066e-05
2	2.46307e-05
2.01	2.61954e-05
2.02	2.77601e-05
2.03	2.93247e-05
2.04	3.08894e-05
2.05	3.24541e-05
2.06	3.40187e-05
2.07	3.55834e-05
2.08	3.71481e-05
2.09	3.87128e-05
2.1	4.02774e-05
2.11	4.18421e-05
2.12	4.34068e-05
2.13	4.49714e-05
2.14	4.65361e-05
2.15	4.81008e-05
2.16	2.97414e-05
2.17	9.3736e-07
2.18	3.12278e-05
2.19	4.85833e-05
2.2	6.59387e-05
2.21	8.32941e-05
2.22	0.00010065
2.23	0.000118005
2.24	0.00013536
2.25	0.000152716
2.26	0.000170071
2.27	0.000187427
2.28	0.000204782
2.29	0.000222138
2.3	0.000239493
2.31	0.000256848
2.32	0.000274204
2.33	0.000291559
2.34	0.000308915
2.35	0.00032627
2.36	0.000343625
2.37	0.000360981
2.38	0.000378336
2.39	0.000395692
2.4	0.000413047
2.41	0.000430403
2.42	0.000447758
2.43	0.000465113
2.44	0.000482469
2.45	0.000499824
2.46	0.00051718
2.47	0.000534535
2.48	0.000551891
2.49	0.000340645
2.5	1.17017e-05
2.51	0.000359201
2.52	0.000557914
2.53	0.00052553
2.54	0.000493146
2.55	0.000460763
2.56	0.000428379
2.57	0.000395996
2.58	0.000363612
2.59	0.000331228
2.6	0.000298845
2.61	0.000266461
2.62	0.000234078
2.63	0.000201694
2.64	0.00016931
2.65	0.000136927
2.66	0.000104543
2.67	7.21596e-05
2.68	3.9776e-05
2.69	7.39245e-06
2.7	2.49911e-05
2.71	5.73747e-05
2.72	8.97583e-05
2.73	0.000122142
2.74	0.000154526
2.75	0.000186909
2.76	0.000219293
2.77	0.000251676
2.78	0.00028406
2.79	0.000316444
2.8	0.000348827
2.81	0.000381211
2.82	0.000255691
2.83	2.42602e-05
2.84	0.00021722
2.85	0.000368724
2.86	0.000367497
2.87	0.00036627
2.88	0.000365043
2.89	0.000363816
2.9	0.000362589
2.91	0.000361363
2.92	0.000360136
2.93	0.000358909
2.94	0.000357682
2.95	0.000356455
2.96	0.000355228
2.97	0.000354002
2.98	0.000352775
2.99	0.000351548
3	0.000350321
3.01	0.000349094
3.02	0.000347867
3.03	0.000346641
3.04	0.000345414
3.05	0.000344187
3.06	0.00034296
3.07	0.000341733
3.08	0.000340506
3.09	0.00033928
3.1	0.000338053
3.11	0.000336826
3.12	0.000335599
3.13	0.000334372
3.14	0.000333145
3.15	0.000193925
3.16	2.56226e-05
3.17	0.000234557
3.18	0.000346334
3.19	0.000314654
3.2	0.000282974
3.21	0.000251295
3.22	0.000219615
3.23	0.000187936
3.24	0.000156256
3.25	0.000124576
3.26	9.28967e-05
3.27	6.12171e-05
3.28	2.95375e-05
3.29	2.14214e-06
3.3	3.38218e-05
3.31	6.55014e-05
3.32	9.7181e-05
3.33	0.000128861
3.34	0.00016054
3.35	0.00019222
3.36	0.000223899
3.37	0.000255579
3.38	0.000287259
3.39	0.000318938
3.4	0.000350618
3.41	0.000382298
3.42	0.000413977
3.43	0.000445657
3.44	0.000477336
3.45	0.000509016
3.46	0.000540696
3.47	0.000572375
3.48	0.000366968
3.49	9.55752e-06
3.5	0.000351812
3.51	0.000567456
3.52	0.000548051
3.53	0.000528646
3.54	0.00050924
3.55	0.000489835
3.56	0.00047043
3.57	0.000451025
3.58	0.00043162
3.59	0.000412215
3.6	0.00039281
3.61	0.000373404
3.62	0.000353999
3.63	0.000334594
3.64	0.000315189
3.65	0.000295784
3.66	0.000276379
3.67	0.000256974
3.68	0.000237568
3.69	0.000218163
3.7	0.000198758
3.71	0.000179353
3.72	0.000159948
3.73	0.000140543
3.74	0.000121137
3.75	0.000101732
3.76	8.23272e-05
3.77	6.2922e-05
3.78	4.35169e-05
3.79	2.41118e-05
3.8	4.7066e-06
3.81	1.46985e-05
3.82	2.80153e-05
3.83	2.97277e-05
3.84	1.91265e-05
3.85	6.02722e-07
3.86	1.7921e-05
3.87	3.64448e-05
3.88	5.49685e-05
3.89	7.34923e-05
3.9	9.2016e-05
3.91	0.00011054
3.92	0.000129063
3.93	0.000147587
3.94	0.000166111
3.95	0.000184635
3.96	0.000203158
3.97	0.000221682
3.98	0.000240206
3.99	0.00025873
4	0.000277253
4.01	0.000295777
4.02	0.000314301
4.03	0.000332825
4.04	0.000351348
4.05	0.000369872
4.06	0.000388396
4.07	0.00040692
4.08	0.000425443
4.09	0.000443967
4.1	0.000462491
4.11	0.000481015
4.12	0.000499538
4.13	0.000518062
4.14	0.000536586
4.15	0.000332848
4.16	8.76126e-06
4.17	0.000346741
4.18	0.000541095
4.19	0.00051132
4.2	0.000481544
4.21	0.000451769
4.22	0.000421993
4.23	0.000392217
4.24	0.000362442
4.25	0.000332666
4.26	0.000302891
4.27	0.000273115
4.28	0.000243339
4.29	0.000213564
4.3	0.000183788
4.31	0.000154013
4.32	0.000124237
4.33	9.44614e-05
4.34	6.46858e-05
4.35	3.49102e-05
4.36	5.13463e-06
4.37	2.4641e-05
4.38	5.44166e-05
4.39	8.41922e-05
4.4	0.000113968
4.41	0.000143743
4.42	0.000173519
4.43	0.000203295
4.44	0.00023307
4.45	0.000262846
4.46	0.000292621
4.47	0.000322397
4.48	0.000352173
4.49	0.000236073
4.5	2.21883e-05
4.51	0.000200887
4.52	0.000340752
4.53	0.000339472
4.54	0.000338192
4.55	0.000336913
4.56	0.000335633
4.57	0.000334353
4.58	0.000333073
4.59	0.000331794
4.6	0.000330514
4.61	0.000329234
4.62	0.000327954
4.63	0.000326674
4.64	0.000325395
4.65	0.000324115
4.66	0.000322835
4.67	0.000321555
4.68	0.000320276
4.69	0.000318996
4.7	0.000317716
4.71	0.000316436
4.72	0.000315156
4.73	0.000313877
4.74	0.000312597
4.75	0.000311317
4.76	0.000310037
4.77	0.000308758
4.78	0.000307478
4.79	0.000306198
4.8	0.000304918
4.81	0.000303638
4.82	0.000302359
4.83	0.000301079
4.84	0.000175088
4.85	2.34276e-05
4.86	0.000212239
4.87	0.000313137
4.88	0.000414036
4.89	0.000514935
4.9	0.000615833
4.91	0.000716732
4.92	0.00081763
4.93	0.000918529
4.94	0.00101943
4.95	0.00112033
4.96	0.00122122
4.97	0.00132212
4.98	0.00142302
4.99	0.00152392
5	0.00162482
5.01	0.00172572
5.02	0.00182662
5.03	0.00192752
5.04	0.00202841
5.05	0.00212931
5.06	0.00223021
5.07	0.00233111
5.08	0.00243201
5.09	0.00253291
5.1	0.00263381
5.11	0.0027347
5.12	0.0028356
5.13	0.0029365
5.14	0.0030374
5.15	0.0031383
5.16	0.0032392
5.17	0.0033401
5.18	0.0029588
5.19	0.00135192
5.2	0.000814946
5.21	0.00264425
5.22	0.00337826
5.23	0.00411227
5.24	0.00484629
5.25	0.0055803
5.26	0.00631431
5.27	0.00704832
5.28	0.00778234
5.29	0.00851635
5.3	0.00925036
5.31	0.00998438
5.32	0.0107184
5.33	0.0114524
5.34	0.0121864
5.35	0.0129204
5.36	0.0136544
5.37	0.0143885
5.38	0.0151225
5.39	0.0158565
5.4	0.0165905
5.41	0.0173245
5.42	0.0180585
5.43	0.0187925
5.44	0.0195265
5.45	0.0202606
5.46	0.0209946
5.47	0.0217286
5.48	0.0224626
5.49	0.0231966
5.5	0.0239306
5.51	0.0246646
5.52	0.0229309
5.53	0.0116988
5.54	0.00437908
5.55	0.0186431
5.56	0.0251849
5.57	0.0270702
5.58	0.0289555
5.59	0.0308408
5.6	0.0327261
5.61	0.0346114
5.62	0.0364966
5.63	0.0383819
5.64	0.0402672
5.65	0.0421525
5.66	0.0440378
5.67	0.0459231
5.68	0.0478084
5.69	0.0496937
5.7	0.051579
5.71	0.0534643
5.72	0.0553496
5.73	0.0572349
5.74	0.0591202
5.75	0.0610055
5.76	0.0628908
5.77	0.0647761
5.78	0.0666614
5.79	0.0685467
5.8	0.070432
5.81	0.0723173
5.82	0.0742026
5.83	0.0760879
5.84	0.0779732
5.85	0.0798585
5.86	0.0672449
5.87	0.0301685
5.88	0.0194041
5.89	0.0609393
5.9	0.079227
5.91	0.0827487
5.92	0.0861023
5.93	0.0894558
5.94	0.0928094
5.95	0.0961629
5.96	0.0995164
5.97	0.10287
5.98	0.106224
5.99	0.109577
6	0.112931
6.01	0.116284
6.02	0.119638
6.03	0.122991
6.04	0.126345
6.05	0.129698
6.06	0.133052
6.07	0.136405
6.08	0.139759
6.09	0.143112
6.1	0.146466
6.11	0.14982
6.12	0.153173
6.13	0.156527
6.14	0.15988
6.15	0.163234
6.16	0.166587
6.17	0.169941
6.18	0.173294
6.19	0.163408
6.2	0.129709
6.21	0.0714895
6.22	0.00180348
6.23	0.0749679
6.24	0.13339
6.25	0.168561
6.26	0.181605
6.27	0.182811
6.28	0.184016
6.29	0.185222
6.3	0.186428
6.31	0.187633
6.32	0.188839
6.33	0.190044
6.34	0.19125
6.35	0.192455
6.36	0.193661
6.37	0.194866
6.38	0.196072
6.39	0.197277
6.4	0.198483
6.41	0.199688
6.42	0.200894
6.43	0.2021
6.44	0.203305
6.45	0.204511
6.46	0.205716
6.47	0.206922
6.48	0.208127
6.49	0.209333
6.5	0.210538
6.51	0.211744
6.52	0.211668
6.53	0.19515
6.54	0.153839
6.55	0.0896551
6.56	0.0139916
6.57	0.0616718
6.58	0.132608
6.59	0.185582
6.6	0.2148
6.61	0.224309
6.62	0.226318
6.63	0.228327
6.64	0.230336
6.65	0.232345
6.66	0.234354
6.67	0.236363
6.68	0.238372
6.69	0.240381
6.7	0.24239
6.71	0.244399
6.72	0.246408
6.73	0.248417
6.74	0.250426
6.75	0.252435
6.76	0.254444
6.77	0.256453
6.78	0.258462
6.79	0.260471
6.8	0.262481
6.81	0.26449
6.82	0.266499
6.83	0.268508
6.84	0.270517
6.85	0.270088
6.86	0.252082
6.87	0.208641
6.88	0.142442
6.89	0.0655899
6.9	0.0112625
6.91	0.0881148
6.92	0.164967
6.93	0.228901
6.94	0.269952
6.95	0.287632
6.96	0.291135
6.97	0.294638
6.98	0.298141
6.99	0.301644
7	0.305147
7.01	0.308649
7.02	0.312152
7.03	0.315655
7.04	0.319158
7.05	0.322661
7.06	0.326164
7.07	0.329667
7.08	0.33317
7.09	0.336673
7.1	0.340176
7.11	0.343679
7.12	0.347182
7.13	0.350685
7.14	0.354188
7.15	0.357691
7.16	0.361194
7.17	0.364697
7.18	0.354258
7.19	0.319135
7.2	0.258811
7.21	0.183206
7.22	0.107602
7.23	0.0319978
7.24	0.0436065
7.25	0.119211
7.26	0.194815
7.27	0.270419
7.28	0.332485
7.29	0.371555
7.3	0.387696
7.31	0.390472
7.32	0.393248
7.33	0.396024
7.34	0.398801
7.35	0.401577
7.36	0.404353
7.37	0.407129
7.38	0.409906
7.39	0.412682
7.4	0.415458
7.41	0.418235
7.42	0.421011
7.43	0.423787
7.44	0.426563
7.45	0.42934
7.46	0.432116
7.47	0.434892
7.48	0.437668
7.49	0.440445
7.5	0.44163
7.51	0.425633
7.52	0.383979
7.53	0.318822
7.54	0.242049
7.55	0.165277
7.56	0.0885041
7.57	0.0117317
7.58	0.0650408
7.59	0.141813
7.6	0.218586
7.61	0.295358
7.62	0.371772
7.63	0.432875
7.64	0.470058
7.65	0.484618
7.66	0.487224
7.67	0.48983
7.68	0.492437
7.69	0.495043
7.7	0.497649
7.71	0.500256
7.72	0.502862
7.73	0.505468
7.74	0.508074
7.75	0.510681
7.76	0.513287
7.77	0.515893
7.78	0.518499
7.79	0.521106
7.8	0.523712
7.81	0.526318
7.82	0.52734
7.83	0.510733
7.84	0.467757
7.85	0.400593
7.86	0.32144
7.87	0.242287
7.88	0.163135
7.89	0.083982
7.9	0.00482935
7.91	0.0743233
7.92	0.153476
7.93	0.232629
7.94	0.311781
7.95	0.390934
7.96	0.467828
7.97	0.527779
7.98	0.56312
7.99	0.576378
8	0.579229
8.01	0.582079
8.02	0.584929
8.03	0.587779
8.04	0.590629
8.05	0.593479
8.06	0.596329
8.07	0.599179
8.08	0.60203
8.09	0.60488
8.1	0.60773
8.11	0.61058
8.12	0.61343
8.13	0.61628
8.14	0.604864
8.15	0.567924
8.16	0.504776
8.17	0.425592
8.18	0.346408
8.19	0.267224
8.2	0.18804
8.21	0.108856
8.22	0.0296717
8.23	0.0495123
8.24	0.128696
8.25	0.20788
8.26	0.287065
8.27	0.366249
8.28	0.445433
8.29	0.524617
8.3	0.589039
8.31	0.628829
8.32	0.644319
8.33	0.645905
8.34	0.647492
8.35	0.649079
8.36	0.650666
8.37	0.652253
8.38	0.65384
8.39	0.655427
8.4	0.657014
8.41	0.658601
8.42	0.660188
8.43	0.661774
8.44	0.663361
8.45	0.664593
8.46	0.648803
8.47	0.606375
8.48	0.538727
8.49	0.457724
8.5	0.37672
8.51	0.295717
8.52	0.214713
8.53	0.13371
8.54	0.0527063
8.55	0.0282972
8.56	0.109301
8.57	0.190304
8.58	0.271308
8.59	0.352311
8.6	0.433315
8.61	0.514318
8.62	0.595081
8.63	0.659547
8.64	0.698409
8.65	0.712967
8.66	0.714586
8.67	0.716206
8.68	0.717826
8.69	0.719445
8.7	0.721065
8.71	0.722685
8.72	0.724304
8.73	0.725924
8.74	0.727544
8.75	0.729164
8.76	0.728829
8.77	0.709954
8.78	0.663631
8.79	0.592322
8.8	0.508839
8.81	0.425356
8.82	0.341872
8.83	0.258389
8.84	0.174906
8.85	0.0914228
8.86	0.00793962
8.87	0.0755436
8.88	0.159027
8.89	0.24251
8.9	0.325993
8.91	0.409476
8.92	0.49296
8.93	0.576443
8.94	0.658943
8.95	0.724142
8.96	0.762888
8.97	0.776987
8.98	0.778452
8.99	0.779916
9	0.781381
9.01	0.782846
9.02	0.784311
9.03	0.785776
9.04	0.787241
9.05	0.788706
9.06	0.790171
9.07	0.776133
9.08	0.73516
9.09	0.666975
9.1	0.582574
9.11	0.498173
9.12	0.413772
9.13	0.32937
9.14	0.244969
9.15	0.160568
9.16	0.0761673
9.17	0.00823369
9.18	0.0926347
9.19	0.177036
9.2	0.261437
9.21	0.345838
9.22	0.430239
9.23	0.51464
9.24	0.599041
9.25	0.683442
9.26	0.751935
9.27	0.793863
9.28	0.809569
9.29	0.810262
9.3	0.810955
9.31	0.811648
9.32	0.81234
9.33	0.813033
9.34	0.813726
9.35	0.814419
9.36	0.815111
9.37	0.808176
9.38	0.77906
9.39	0.722398
9.4	0.644234
9.41	0.55952
9.42	0.474806
9.43	0.390092
9.44	0.305378
9.45	0.220664
9.46	0.13595
9.47	0.0512365
9.48	0.0334774
9.49	0.118191
9.5	0.202905
9.51	0.287619
9.52	0.372333
9.53	0.457047
9.54	0.541761
9.55	0.626475
9.56	0.710106
9.57	0.775678
9.58	0.813694
9.59	0.826071
9.6	0.825346
9.61	0.824622
9.62	0.823898
9.63	0.823173
9.64	0.822449
9.65	0.821725
9.66	0.821001
9.67	0.820276
9.68	0.803563
9.69	0.759818
9.7	0.689198
9.71	0.602991
9.72	0.516784
9.73	0.430576
9.74	0.344369
9.75	0.258161
9.76	0.171954
9.77	0.0857466
9.78	0.00046079
9.79	0.0866682
9.8	0.172876
9.81	0.259083
9.82	0.34529
9.83	0.431498
9.84	0.517705
9.85	0.603913
9.86	0.69012
9.87	0.758789
9.88	0.799219
9.89	0.812408
9.9	0.810638
9.91	0.808867
9.92	0.807097
9.93	0.805326
9.94	0.803556
9.95	0.801785
9.96	0.800015
9.97	0.798244
9.98	0.787362
9.99	0.753399
10	0.691944
10.01	0.609977
10.02	0.522971
10.03	0.435965
10.04	0.348959
10.05	0.261953
10.06	0.174947
10.07	0.0879405
10.08	0.000934431
10.09	0.0860716
10.1	0.173078
10.11	0.260084
10.12	0.34709
10.13	0.434096
10.14	0.521102
10.15	0.608108
10.16	0.684051
10.17	0.735036
10.18	0.757506
10.19	0.759715
10.2	0.75831
10.21	0.756904
10.22	0.755499
10.23	0.754094
10.24	0.752689
10.25	0.751283
10.26	0.749878
10.27	0.748473
10.28	0.747068
10.29	0.73093
10.3	0.688601
10.31	0.61947
10.32	0.534029
10.33	0.448587
10.34	0.363146
10.35	0.277704
10.36	0.192263
10.37	0.106821
10.38	0.0213798
10.39	0.0640617
10.4	0.149503
10.41	0.234945
10.42	0.320386
10.43	0.405828
10.44	0.491269
10.45	0.576711
10.46	0.648423
10.47	0.69395
10.48	0.71168
10.49	0.711518
10.5	0.710777
10.51	0.710036
10.52	0.709295
10.53	0.708554
10.54	0.707813
10.55	0.707072
10.56	0.706331
10.57	0.70559
10.58	0.704849
10.59	0.704108
10.6	0.691144
10.61	0.653771
10.62	0.589917
10.63	0.508476
10.64	0.425628
10.65	0.342779
10.66	0.259931
10.67	0.177083
10.68	0.0942345
10.69	0.0113862
10.7	0.0714621
10.71	0.15431
10.72	0.237159
10.73	0.320007
10.74	0.402855
10.75	0.485704
10.76	0.567111
10.77	0.63012
10.78	0.665394
10.79	0.675085
10.8	0.67194
10.81	0.668796
10.82	0.665652
10.83	0.662508
10.84	0.659364
10.85	0.65622
10.86	0.653076
10.87	0.649932
10.88	0.646788
10.89	0.643644
10.9	0.6405
10.91	0.637356
10.92	0.620658
10.93	0.579258
10.94	0.51224
10.95	0.429297
10.96	0.346355
10.97	0.263413
10.98	0.180471
10.99	0.0975288
11	0.0145866
11.01	0.0683556
11.02	0.151298
11.03	0.23424
11.04	0.317182
11.05	0.400124
11.06	0.480605
11.07	0.541579
11.08	0.574081
11.09	0.580939
11.1	0.575603
11.11	0.570267
11.12	0.564931
11.13	0.559595
11.14	0.554259
11.15	0.548923
11.16	0.543587
11.17	0.538251
11.18	0.532914
11.19	0.527578
11.2	0.522242
11.21	0.516906
11.22	0.51157
11.23	0.506234
11.24	0.498779
11.25	0.473793
11.26	0.423123
11.27	0.349257
11.28	0.264289
11.29	0.179322
11.3	0.0943552
11.31	0.00938804
11.32	0.0755791
11.33	0.160546
11.34	0.245513
11.35	0.33048
11.36	0.401004
11.37	0.444567
11.38	0.459816
11.39	0.45713
11.4	0.454315
11.41	0.451499
11.42	0.448684
11.43	0.445869
11.44	0.443053
11.45	0.440238
11.46	0.437422
11.47	0.434607
11.48	0.431791
11.49	0.428976
11.5	0.42616
11.51	0.423345
11.52	0.420529
11.53	0.417714
11.54	0.414898
11.55	0.412083
11.56	0.407345
11.57	0.384787
11.58	0.335895
11.59	0.263058
11.6	0.178589
11.61	0.0941202
11.62	0.00965113
11.63	0.074818
11.64	0.159287
11.65	0.243756
11.66	0.318397
11.67	0.369421
11.68	0.392821
11.69	0.396034
11.7	0.394858
11.71	0.393682
11.72	0.392505
11.73	0.391329
11.74	0.390153
11.75	0.388976
11.76	0.3878
11.77	0.386624
11.78	0.385447
11.79	0.384271
11.8	0.383095
11.81	0.381918
11.82	0.380742
11.83	0.379566
11.84	0.37839
11.85	0.377213
11.86	0.376037
11.87	0.374861
11.88	0.360108
11.89	0.320274
11.9	0.254243
11.91	0.171749
11.92	0.0892552
11.93	0.00676147
11.94	0.0757322
11.95	0.158226
11.96	0.24072
11.97	0.306367
11.98	0.344529
11.99	0.355954
12	0.352463
12.01	0.348972
12.02	0.34548
12.03	0.341989
12.04	0.338498
12.05	0.335007
12.06	0.331516
12.07	0.328025
12.08	0.324533
12.09	0.321042
12.1	0.317551
12.11	0.31406
12.12	0.310569
12.13	0.307078
12.14	0.303587
12.15	0.300095
12.16	0.296604
12.17	0.293113
12.18	0.289622
12.19	0.286131
12.2	0.273424
12.21	0.238765
12.22	0.178509
12.23	0.0996149
12.24	0.016762
12.25	0.0660908
12.26	0.148944
12.27	0.215099
12.28	0.253472
12.29	0.264487
12.3	0.2599
12.31	0.255314
12.32	0.250727
12.33	0.24614
12.34	0.241554
12.35	0.236967
12.36	0.23238
12.37	0.227794
12.38	0.223207
12.39	0.21862
12.4	0.214034
12.41	0.209447
12.42	0.20486
12.43	0.200274
12.44	0.195687
12.45	0.191101
12.46	0.186514
12.47	0.181927
12.48	0.177341
12.49	0.172754
12.5	0.168167
12.51	0.163581
12.52	0.158994
12.53	0.139521
12.54	0.0950082
12.55	0.0256759
12.56	0.0542917
12.57	0.113883
12.58	0.144845
12.59	0.150784
12.6	0.145673
12.61	0.140562
12.62	0.135451
12.63	0.130339
12.64	0.125228
12.65	0.120117
12.66	0.115006
12.67	0.109894
12.68	0.104783
12.69	0.0996718
12.7	0.0945606
12.71	0.0894493
12.72	0.084338
12.73	0.0792268
12.74	0.0741155
12.75	0.0690042
12.76	0.063893
12.77	0.0587817
12.78	0.0536704
12.79	0.0485592
12.8	0.0434479
12.81	0.0383366
12.82	0.0332254
12.83	0.0281141
12.84	0.0230028
12.85	0.0100927
12.86	0.00699795
12.87	0.02119
12.88	0.0266048
12.89	0.0209995
12.9	0.0153942
12.91	0.0097889
12.92	0.0041836
12.93	0.00142169
12.94	0.00702698
12.95	0.0126323
12.96	0.0182376
12.97	0.0238429
12.98	0.0294482
12.99	0.0350535
13	0.0406587
13.01	0.046264
13.02	0.0518693
13.03	0.0574746
13.04	0.0630799
13.05	0.0686852
13.06	0.0742905
13.07	0.0798958
13.08	0.0855011
13.09	0.0911064
13.1	0.0967117
13.11	0.102317
13.12	0.107922
13.13	0.113528
13.14	0.119133
13.15	0.110775
13.16	0.075594
13.17	0.0118429
13.18	0.0568137
13.19	0.101937
13.2	0.122145
13.21	0.127116
13.22	0.132087
13.23	0.137058
13.24	0.142029
13.25	0.147
13.26	0.151971
13.27	0.156942
13.28	0.161914
13.29	0.166885
13.3	0.171856
13.31	0.176827
13.32	0.181798
13.33	0.186769
13.34	0.19174
13.35	0.196711
13.36	0.201682
13.37	0.206654
13.38	0.211625
13.39	0.216596
13.4	0.221567
13.41	0.226538
13.42	0.231509
13.43	0.23648
13.44	0.241451
13.45	0.23226
13.46	0.196722
13.47	0.133567
13.48	0.0529647
13.49	0.02769
13.5	0.108345
13.51	0.178904
13.52	0.22756
13.53	0.251575
13.54	0.258419
13.55	0.262676
13.56	0.266932
13.57	0.271189
13.58	0.275446
13.59	0.279702
13.6	0.283959
13.61	0.288215
13.62	0.292472
13.63	0.296729
13.64	0.300985
13.65	0.305242
13.66	0.309498
13.67	0.313755
13.68	0.318012
13.69	0.322268
13.7	0.326525
13.71	0.330781
13.72	0.335038
13.73	0.339295
13.74	0.343551
13.75	0.347808
13.76	0.336237
13.77	0.297977
13.78	0.233221
13.79	0.153138
13.8	0.0730551
13.81	0.00702779
13.82	0.0871107
13.83	0.167194
13.84	0.247277
13.85	0.31471
13.86	0.359078
13.87	0.379521
13.88	0.385088
13.89	0.390655
13.9	0.396222
13.91	0.401789
13.92	0.407356
13.93	0.412923
13.94	0.41849
13.95	0.424056
13.96	0.429623
13.97	0.43519
13.98	0.440757
13.99	0.446324
14	0.451891
14.01	0.457458
14.02	0.463025
14.03	0.468592
14.04	0.474159
14.05	0.479726
14.06	0.482051
14.07	0.464959
14.08	0.420319
14.09	0.351411
14.1	0.271565
14.11	0.19172
14.12	0.111874
14.13	0.0320283
14.14	0.0478174
14.15	0.127663
14.16	0.207509
14.17	0.287354
14.18	0.3672
14.19	0.444767
14.2	0.505788
14.21	0.542849
14.22	0.558461
14.23	0.564019
14.24	0.569577
14.25	0.575136
14.26	0.580694
14.27	0.586252
14.28	0.591811
14.29	0.597369
14.3	0.602927
14.31	0.608485
14.32	0.614044
14.33	0.619602
14.34	0.62516
14.35	0.630719
14.36	0.636277
14.37	0.624891
14.38	0.585718
14.39	0.519424
14.4	0.43791
14.41	0.356395
14.42	0.27488
14.43	0.193365
14.44	0.11185
14.45	0.030335
14.46	0.0511799
14.47	0.132695
14.48	0.21421
14.49	0.295725
14.5	0.37724
14.51	0.458754
14.52	0.540269
14.53	0.619441
14.54	0.681679
14.55	0.71941
14.56	0.73521
14.57	0.740738
14.58	0.746267
14.59	0.751795
14.6	0.757324
14.61	0.762852
14.62	0.768381
14.63	0.77391
14.64	0.779438
14.65	0.784967
14.66	0.78678
14.67	0.768212
14.68	0.721039
14.69	0.648886
14.7	0.565724
14.71	0.482562
14.72	0.399401
14.73	0.316239
14.74	0.233077
14.75	0.149915
14.76	0.0667535
14.77	0.0164082
14.78	0.09957
14.79	0.182732
14.8	0.265894
14.81	0.349055
14.82	0.432217
14.83	0.515379
14.84	0.598541
14.85	0.681702
14.86	0.764864
14.87	0.835241
14.88	0.882214
14.89	0.904857
14.9	0.912324
14.91	0.919791
14.92	0.927258
14.93	0.934725
14.94	0.942192
14.95	0.949659
14.96	0.9407
14.97	0.903586
14.98	0.838253
14.99	0.756323
15	0.674392
15.01	0.592462
15.02	0.510532
15.03	0.428601
15.04	0.346671
15.05	0.264741
15.06	0.18281
15.07	0.10088
15.08	0.0189496
15.09	0.0629807
15.1	0.144911
15.11	0.226841
15.12	0.308772
15.13	0.390702
15.14	0.472632
15.15	0.554563
15.16	0.636493
15.17	0.718424
15.18	0.800354
15.19	0.882284
15.2	0.964215
15.21	1.03711
15.22	1.08927
15.23	1.11759
15.24	1.12884
15.25	1.1269
15.26	1.10063
15.27	1.04573
15.28	0.969771
15.29	0.889029
15.3	0.808286
15.31	0.727543
15.32	0.6468
15.33	0.566057
15.34	0.485314
15.35	0.404571
15.36	0.323828
15.37	0.243085
15.38	0.162342
15.39	0.0815988
15.4	0.000855875
15.41	0.0798871
15.42	0.16063
15.43	0.241373
15.44	0.322116
15.45	0.402859
15.46	0.483602
15.47	0.564345
15.48	0.645088
15.49	0.725831
15.5	0.806574
15.51	0.887317
15.52	0.96806
15.53	1.0488
15.54	1.12955
15.55	1.19455
15.56	1.21914
15.57	1.19314
15.58	1.12732
15.59	1.04753
15.6	0.967741
15.61	0.88795
15.62	0.808159
15.63	0.728368
15.64	0.648577
15.65	0.568786
15.66	0.488995
15.67	0.409204
15.68	0.329413
15.69	0.249622
15.7	0.169832
15.71	0.0900406
15.72	0.0102497
15.73	0.0695412
15.74	0.149332
15.75	0.229123
15.76	0.308914
15.77	0.388705
15.78	0.468496
15.79	0.548287
15.8	0.628078
15.81	0.707868
15.82	0.787659
15.83	0.86745
15.84	0.947241
15.85	1.00991
15.86	1.04447
15.87	1.05158
15.88	1.04326
15.89	1.03493
15.9	1.02661
15.91	1.00762
15.92	0.967415
15.93	0.904227
15.94	0.825815
15.95	0.74624
15.96	0.666666
15.97	0.587091
15.98	0.507517
15.99	0.427942
16	0.348367
16.01	0.268793
16.02	0.189218
16.03	0.109644
16.04	0.0300691
16.05	0.0495055
16.06	0.12908
16.07	0.208655
16.08	0.288229
16.09	0.367804
16.1	0.447378
16.11	0.526953
16.12	0.606528
16.13	0.686102
16.14	0.756651
16.15	0.803496
16.16	0.821776
16.17	0.818464
16.18	0.809474
16.19	0.800485
16.2	0.791496
16.21	0.782507
16.22	0.773517
16.23	0.764528
16.24	0.755539
16.25	0.74655
16.26	0.73756
16.27	0.718728
16.28	0.679587
16.29	0.618083
16.3	0.541423
16.31	0.463095
16.32	0.384767
16.33	0.30644
16.34	0.228112
16.35	0.149784
16.36	0.0714562
16.37	0.00687158
16.38	0.0851994
16.39	0.163527
16.4	0.241855
16.41	0.320183
16.42	0.398511
16.43	0.476838
16.44	0.54029
16.45	0.57676
16.46	0.585319
16.47	0.5766
16.48	0.567881
16.49	0.559161
16.5	0.550442
16.51	0.541723
16.52	0.533004
16.53	0.524284
16.54	0.515565
16.55	0.506846
16.56	0.498127
16.57	0.489408
16.58	0.480688
16.59	0.471969
16.6	0.46325
16.61	0.454531
16.62	0.445811
16.63	0.437092
16.64	0.416582
16.65	0.374988
16.66	0.31175
16.67	0.235273
16.68	0.158795
16.69	0.0823181
16.7	0.00584085
16.71	0.0706364
16.72	0.147114
16.73	0.223591
16.74	0.291438
16.75	0.33644
16.76	0.353846
16.77	0.350335
16.78	0.34125
16.79	0.332166
16.8	0.323081
16.81	0.313997
16.82	0.304912
16.83	0.295828
16.84	0.286743
16.85	0.277658
16.86	0.268574
16.87	0.259489
16.88	0.250405
16.89	0.24132
16.9	0.232236
16.91	0.223151
16.92	0.214067
16.93	0.204982
16.94	0.195897
16.95	0.186813
16.96	0.177728
16.97	0.168644
16.98	0.159559
16.99	0.150475
17	0.14139
17.01	0.127711
17.02	0.097452
17.03	0.0454942
17.04	0.0242924
17.05	0.0840167
17.06	0.116344
17.07	0.121861
17.08	0.11226
17.09	0.10266
17.1	0.0930596
17.11	0.0834593
17.12	0.0738589
17.13	0.0642586
17.14	0.0546583
17.15	0.0450579
17.16	0.0354576
17.17	0.0258572
17.18	0.0162569
17.19	0.00665656
17.2	0.00294378
17.21	0.0125441
17.22	0.0221445
17.23	0.0317448
17.24	0.0413451
17.25	0.0509455
17.26	0.0605458
17.27	0.0701462
17.28	0.0797465
17.29	0.0893469
17.3	0.0989472
17.31	0.108548
17.32	0.118148
17.33	0.127748
17.34	0.137349
17.35	0.131692
17.36	0.099144
17.37	0.0392084
17.38	0.0369679
17.39	0.0989916
17.4	0.138871
17.41	0.157786
17.42	0.165602
17.43	0.173417
17.44	0.181233
17.45	0.189048
17.46	0.196863
17.47	0.204679
17.48	0.212494
17.49	0.22031
17.5	0.228125
17.51	0.235941
17.52	0.243756
17.53	0.251572
17.54	0.259387
17.55	0.267203
17.56	0.275018
17.57	0.282834
17.58	0.290649
17.59	0.298464
17.6	0.30628
17.61	0.314095
17.62	0.321911
17.63	0.329726
17.64	0.337542
17.65	0.338413
17.66	0.317517
17.67	0.269048
17.68	0.19862
17.69	0.120944
17.7	0.043268
17.71	0.0344082
17.72	0.112084
17.73	0.189761
17.74	0.267437
17.75	0.333365
17.76	0.37795
17.77	0.400436
17.78	0.409222
17.79	0.418008
17.8	0.426795
17.81	0.435581
17.82	0.444367
17.83	0.453154
17.84	0.46194
17.85	0.470727
17.86	0.479513
17.87	0.488299
17.88	0.497086
17.89	0.505872
17.9	0.514658
17.91	0.523445
17.92	0.532231
17.93	0.541017
17.94	0.549804
17.95	0.55859
17.96	0.550773
17.97	0.515518
17.98	0.453355
17.99	0.375958
18	0.298561
18.01	0.221165
18.02	0.143768
18.03	0.0663716
18.04	0.0110251
18.05	0.0884217
18.06	0.165818
18.07	0.243215
18.08	0.320611
18.09	0.398008
18.1	0.475405
18.11	0.552801
18.12	0.619798
18.13	0.666629
18.14	0.691882
18.15	0.703082
18.16	0.713576
18.17	0.724069
18.18	0.734563
18.19	0.745056
18.2	0.75555
18.21	0.766043
18.22	0.776537
18.23	0.78703
18.24	0.797524
18.25	0.808018
18.26	0.80253
18.27	0.769694
18.28	0.709473
18.29	0.633173
18.3	0.556872
18.31	0.480572
18.32	0.404271
18.33	0.327971
18.34	0.25167
18.35	0.175369
18.36	0.0990688
18.37	0.0227682
18.38	0.0535323
18.39	0.129833
18.4	0.206133
18.41	0.282434
18.42	0.358735
18.43	0.435035
18.44	0.511336
18.45	0.587636
18.46	0.663937
18.47	0.740238
18.48	0.816538
18.49	0.892839
18.5	0.960517
18.51	1.00951
18.52	1.03748
18.53	1.05082
18.54	1.06196
18.55	1.0731
18.56	1.06963
18.57	1.03965
18.58	0.982207
18.59	0.907758
18.6	0.833308
18.61	0.758858
18.62	0.684408
18.63	0.609958
18.64	0.535508
18.65	0.461058
18.66	0.386608
18.67	0.312158
18.68	0.237709
18.69	0.163259
18.7	0.0888088
18.71	0.0143589
18.72	0.0600909
18.73	0.134541
18.74	0.208991
18.75	0.283441
18.76	0.35789
18.77	0.43234
18.78	0.50679
18.79	0.58124
18.8	0.65569
18.81	0.73014
18.82	0.80459
18.83	0.87904
18.84	0.95349
18.85	1.02794
18.86	1.10163
18.87	1.1574
18.88	1.18548
18.89	1.17692
18.9	1.13525
18.91	1.07317
18.92	0.998334
18.93	0.923499
18.94	0.848664
18.95	0.773828
18.96	0.698993
18.97	0.624157
18.98	0.549322
18.99	0.474487
19	0.399651
19.01	0.324816
19.02	0.24998
19.03	0.175145
19.04	0.100309
19.05	0.025474
19.06	0.0493614
19.07	0.124197
19.08	0.199032
19.09	0.273868
19.1	0.348703
19.11	0.423538
19.12	0.498374
19.13	0.573209
19.14	0.648045
19.15	0.72288
19.16	0.796088
19.17	0.850284
19.18	0.875959
19.19	0.875419
19.2	0.861826
19.21	0.848233
19.22	0.83464
19.23	0.821048
19.24	0.807455
19.25	0.793862
19.26	0.780269
19.27	0.766676
19.28	0.753084
19.29	0.727867
19.3	0.682901
19.31	0.618242
19.32	0.542102
19.33	0.465962
19.34	0.389822
19.35	0.313681
19.36	0.237541
19.37	0.161401
19.38	0.0852608
19.39	0.00912065
19.4	0.0670195
19.41	0.14316
19.42	0.2193
19.43	0.29544
19.44	0.37158
19.45	0.44772
19.46	0.508483
19.47	0.541666
19.48	0.546495
19.49	0.533936
19.5	0.521377
19.51	0.508818
19.52	0.49626
19.53	0.483701
19.54	0.471142
19.55	0.458583
19.56	0.446025
19.57	0.433466
19.58	0.420907
19.59	0.408348
19.6	0.39579
19.61	0.383231
19.62	0.370672
19.63	0.358113
19.64	0.345555
19.65	0.332996
19.66	0.320437
19.67	0.307878
19.68	0.294338
19.69	0.267253
19.7	0.219674
19.71	0.153137
19.72	0.0770337
19.73	0.000930067
19.74	0.0751736
19.75	0.150631
19.76	0.20754
19.77	0.235681
19.78	0.23675
19.79	0.223658
19.8	0.210565
19.81	0.197473
19.82	0.184381
19.83	0.171289
19.84	0.158197
19.85	0.145104
19.86	0.132012
19.87	0.11892
19.88	0.105828
19.89	0.0927357
19.9	0.0796435
19.91	0.0665513
19.92	0.0534591
19.93	0.0403669
19.94	0.0272747
19.95	0.0141825
19.96	0.00109033
19.97	0.0120019
19.98	0.0250941
19.99	0.0381862
20	0.0512784
