0	1	1
0.01	1.00995	0.989851
0.02	1.0198	0.979407
0.03	1.02954	0.968674
0.04	1.03917	0.957657
0.05	1.04869	0.946363
0.06	1.05809	0.934797
0.07	1.06738	0.922968
0.08	1.07655	0.91088
0.09	1.0856	0.898543
0.1	1.09452	0.885963
0.11	1.10332	0.873147
0.12	1.11199	0.860104
0.13	1.12052	0.846841
0.14	1.12892	0.833368
0.15	1.13719	0.819691
0.16	1.14531	0.80582
0.17	1.1533	0.791764
0.18	1.16115	0.77753
0.19	1.16885	0.763128
0.2	1.17641	0.748566
0.21	1.18382	0.733854
0.22	1.19109	0.719001
0.23	1.1982	0.704015
0.24	1.20517	0.688905
0.25	1.21198	0.673681
0.26	1.21864	0.658351
0.27	1.22515	0.642924
0.28	1.2315	0.627409
0.29	1.2377	0.611814
0.3	1.24374	0.596149
0.31	1.24962	0.580422
0.32	1.25534	0.564641
0.33	1.26091	0.548814
0.34	1.26632	0.532951
0.35	1.27157	0.517057
0.36	1.27666	0.501142
0.37	1.28159	0.485214
0.38	1.28637	0.469278
0.39	1.29098	0.453344
0.4	1.29543	0.437417
0.41	1.29973	0.421505
0.42	1.30386	0.405614
0.43	1.30784	0.38975
0.44	1.31166	0.373921
0.45	1.31532	0.358131
0.46	1.31882	0.342387
0.47	1.32217	0.326694
0.48	1.32535	0.311058
0.49	1.32839	0.295482
0.5	1.33126	0.279973
0.51	1.33399	0.264534
0.52	1.33656	0.24917
0.53	1.33897	0.233885
0.54	1.34123	0.218683
0.55	1.34334	0.203568
0.56	1.3453	0.188542
0.57	1.34712	0.173609
0.58	1.34878	0.158772
0.59	1.35029	0.144033
0.6	1.35166	0.129395
0.61	1.35288	0.11486
0.62	1.35396	0.100431
0.63	1.35489	0.0861081
0.64	1.35568	0.0718942
0.65	1.35633	0.0577902
0.66	1.35683	0.0437976
0.67	1.3572	0.0299172
0.68	1.35743	0.01615
0.69	1.35753	0.00249655
0.7	1.35748	-0.0110425
0.71	1.35731	-0.0244669
0.72	1.35699	-0.0377764
0.73	1.35655	-0.0509711
0.74	1.35598	-0.064051
0.75	1.35527	-0.0770164
0.76	1.35444	-0.0898677
0.77	1.35347	-0.102605
0.78	1.35238	-0.11523
0.79	1.35117	-0.127743
0.8	1.34983	-0.140144
0.81	1.34837	-0.152436
0.82	1.34678	-0.164618
0.83	1.34507	-0.176692
0.84	1.34325	-0.18866
0.85	1.3413	-0.200523
0.86	1.33924	-0.212282
0.87	1.33706	-0.223939
0.88	1.33476	-0.235496
0.89	1.33235	-0.246954
0.9	1.32982	-0.258315
0.91	1.32718	-0.269581
0.92	1.32443	-0.280754
0.93	1.32157	-0.291836
0.94	1.31859	-0.302829
0.95	1.31551	-0.313734
0.96	1.31232	-0.324555
0.97	1.30902	-0.335294
0.98	1.30561	-0.345952
0.99	1.3021	-0.356531
1	1.29848	-0.367035
1.01	1.29476	-0.377466
1.02	1.29093	-0.387825
1.03	1.287	-0.398115
1.04	1.28297	-0.40834
1.05	1.27884	-0.4185
1.06	1.2746	-0.428599
1.07	1.27026	-0.438639
1.08	1.26583	-0.448622
1.09	1.26129	-0.458552
1.1	1.25666	-0.46843
1.11	1.25192	-0.47826
1.12	1.24709	-0.488043
1.13	1.24216	-0.497783
1.14	1.23714	-0.507481
1.15	1.23201	-0.517142
1.16	1.22679	-0.526766
1.17	1.22148	-0.536358
1.18	1.21607	-0.545919
1.19	1.21056	-0.555452
1.2	1.20496	-0.56496
1.21	1.19926	-0.574446
1.22	1.19347	-0.583912
1.23	1.18758	-0.59336
1.24	1.1816	-0.602794
1.25	1.17553	-0.612217
1.26	1.16936	-0.62163
1.27	1.16309	-0.631037
1.28	1.15674	-0.640441
1.29	1.15029	-0.649843
1.3	1.14374	-0.659247
1.31	1.1371	-0.668656
1.32	1.13037	-0.678072
1.33	1.12354	-0.687498
1.34	1.11662	-0.696936
1.35	1.1096	-0.70639
1.36	1.10249	-0.715863
1.37	1.09528	-0.725356
1.38	1.08798	-0.734873
1.39	1.08059	-0.744417
1.4	1.07309	-0.753989
1.41	1.06551	-0.763594
1.42	1.05782	-0.773234
1.43	1.05004	-0.782912
1.44	1.04216	-0.79263
1.45	1.03419	-0.802391
1.46	1.02612	-0.812198
1.47	1.01794	-0.822055
1.48	1.00967	-0.831963
1.49	1.0013	-0.841925
1.5	0.992836	-0.851946
1.51	0.984266	-0.862026
1.52	0.975595	-0.87217
1.53	0.966822	-0.88238
1.54	0.957947	-0.892659
1.55	0.948969	-0.90301
1.56	0.939887	-0.913436
1.57	0.9307	-0.923939
1.58	0.921408	-0.934523
1.59	0.912009	-0.945191
1.6	0.902503	-0.955945
1.61	0.89289	-0.966788
1.62	0.883167	-0.977724
1.63	0.873335	-0.988755
1.64	0.863392	-0.999884
1.65	0.853337	-1.01111
1.66	0.843169	-1.02245
1.67	0.832888	-1.03389
1.68	0.822491	-1.04544
1.69	0.811979	-1.0571
1.7	0.801349	-1.06888
1.71	0.7906	-1.08078
1.72	0.779733	-1.0928
1.73	0.768744	-1.10495
1.74	0.757633	-1.11722
1.75	0.746399	-1.12962
1.76	0.73504	-1.14215
1.77	0.723556	-1.15482
1.78	0.711944	-1.16763
1.79	0.700203	-1.18058
1.8	0.688332	-1.19367
1.81	0.676329	-1.20691
1.82	0.664193	-1.22029
1.83	0.651922	-1.23383
1.84	0.639516	-1.24752
1.85	0.626972	-1.26137
1.86	0.614288	-1.27537
1.87	0.601464	-1.28954
1.88	0.588497	-1.30386
1.89	0.575386	-1.31835
1.9	0.562129	-1.33301
1.91	0.548725	-1.34783
1.92	0.535172	-1.36282
1.93	0.521468	-1.37799
1.94	0.507612	-1.39332
1.95	0.493601	-1.40882
1.96	0.479435	-1.4245
1.97	0.46511	-1.44035
1.98	0.450627	-1.45638
1.99	0.435982	-1.47258
2	0.421175	-1.48895
2.01	0.406203	-1.5055
2.02	0.391064	-1.52222
2.03	0.375758	-1.53911
2.04	0.360281	-1.55617
2.05	0.344634	-1.5734
2.06	0.328813	-1.59079
2.07	0.312817	-1.60835
2.08	0.296645	-1.62607
2.09	0.280296	-1.64394
2.1	0.263766	-1.66197
2.11	0.247056	-1.68014
2.12	0.230163	-1.69846
2.13	0.213086	-1.71691
2.14	0.195824	-1.7355
2.15	0.178376	-1.7542
2.16	0.16074	-1.77303
2.17	0.142915	-1.79196
2.18	0.1249	-1.81099
2.19	0.106695	-1.83011
2.2	0.0882978	-1.84931
2.21	0.0697085	-1.86857
2.22	0.0509262	-1.88789
2.23	0.0319506	-1.90724
2.24	0.0127813	-1.92663
2.25	-0.00658192	-1.94602
2.26	-0.0261391	-1.96541
2.27	-0.04589	-1.98477
2.28	-0.0658344	-2.00409
2.29	-0.0859717	-2.02336
2.3	-0.106301	-2.04254
2.31	-0.126822	-2.06161
2.32	-0.147533	-2.08056
2.33	-0.168433	-2.09936
2.34	-0.18952	-2.11798
2.35	-0.210792	-2.1364
2.36	-0.232247	-2.15458
2.37	-0.253882	-2.17251
2.38	-0.275696	-2.19015
2.39	-0.297684	-2.20746
2.4	-0.319844	-2.22442
2.41	-0.342171	-2.24099
2.42	-0.364662	-2.25713
2.43	-0.387313	-2.27282
2.44	-0.410117	-2.28801
2.45	-0.433071	-2.30267
2.46	-0.456169	-2.31675
2.47	-0.479404	-2.33023
2.48	-0.502771	-2.34305
2.49	-0.526263	-2.35517
2.5	-0.549872	-2.36657
2.51	-0.573591	-2.37718
2.52	-0.597413	-2.38698
2.53	-0.621328	-2.39592
2.54	-0.645328	-2.40396
2.55	-0.669404	-2.41106
2.56	-0.693546	-2.41717
2.57	-0.717744	-2.42226
2.58	-0.741988	-2.42629
2.59	-0.766267	-2.42922
2.6	-0.790569	-2.43101
2.61	-0.814883	-2.43163
2.62	-0.839197	-2.43104
2.63	-0.8635	-2.42922
2.64	-0.887777	-2.42612
2.65	-0.912018	-2.42173
2.66	-0.936208	-2.41602
2.67	-0.960334	-2.40897
2.68	-0.984382	-2.40056
2.69	-1.00834	-2.39076
2.7	-1.03219	-2.37958
2.71	-1.05593	-2.367
2.72	-1.07953	-2.35302
2.73	-1.10298	-2.33763
2.74	-1.12628	-2.32084
2.75	-1.1494	-2.30265
2.76	-1.17232	-2.28307
2.77	-1.19505	-2.26211
2.78	-1.21756	-2.2398
2.79	-1.23984	-2.21616
2.8	-1.26188	-2.1912
2.81	-1.28366	-2.16497
2.82	-1.30518	-2.13749
2.83	-1.32641	-2.10881
2.84	-1.34735	-2.07895
2.85	-1.36798	-2.04797
2.86	-1.3883	-2.01592
2.87	-1.4083	-1.98283
2.88	-1.42796	-1.94877
2.89	-1.44727	-1.91379
2.9	-1.46623	-1.87795
2.91	-1.48483	-1.8413
2.92	-1.50305	-1.80391
2.93	-1.5209	-1.76583
2.94	-1.53837	-1.72714
2.95	-1.55544	-1.68788
2.96	-1.57213	-1.64813
2.97	-1.58841	-1.60795
2.98	-1.60428	-1.56741
2.99	-1.61975	-1.52656
3	-1.63481	-1.48546
3.01	-1.64946	-1.44419
3.02	-1.6637	-1.40279
3.03	-1.67752	-1.36133
3.04	-1.69092	-1.31987
3.05	-1.70391	-1.27845
3.06	-1.71649	-1.23714
3.07	-1.72866	-1.19598
3.08	-1.74041	-1.15503
3.09	-1.75176	-1.11432
3.1	-1.7627	-1.0739
3.11	-1.77324	-1.03382
3.12	-1.78338	-0.994112
3.13	-1.79312	-0.954812
3.14	-1.80248	-0.915956
3.15	-1.81144	-0.877575
3.16	-1.82003	-0.839696
3.17	-1.82824	-0.802346
3.18	-1.83608	-0.765549
3.19	-1.84355	-0.729326
3.2	-1.85067	-0.693696
3.21	-1.85743	-0.658674
3.22	-1.86384	-0.624276
3.23	-1.86992	-0.590513
3.24	-1.87565	-0.557396
3.25	-1.88107	-0.524931
3.26	-1.88615	-0.493126
3.27	-1.89093	-0.461985
3.28	-1.8954	-0.43151
3.29	-1.89956	-0.401703
3.3	-1.90343	-0.372563
3.31	-1.90702	-0.344089
3.32	-1.91032	-0.316276
3.33	-1.91334	-0.289122
3.34	-1.9161	-0.262621
3.35	-1.9186	-0.236767
3.36	-1.92084	-0.211551
3.37	-1.92283	-0.186967
3.38	-1.92458	-0.163005
3.39	-1.92609	-0.139657
3.4	-1.92738	-0.116911
3.41	-1.92843	-0.094758
3.42	-1.92927	-0.0731861
3.43	-1.9299	-0.0521843
3.44	-1.93032	-0.0317406
3.45	-1.93054	-0.0118433
3.46	-1.93056	0.0075201
3.47	-1.93039	0.0263619
3.48	-1.93003	0.0446946
3.49	-1.92949	0.0625308
3.5	-1.92878	0.0798833
3.51	-1.9279	0.0967647
3.52	-1.92685	0.113188
3.53	-1.92564	0.129165
3.54	-1.92427	0.144709
3.55	-1.92274	0.159832
3.56	-1.92107	0.174547
3.57	-1.91925	0.188865
3.58	-1.9173	0.202799
3.59	-1.9152	0.216361
3.6	-1.91297	0.229562
3.61	-1.91061	0.242414
3.62	-1.90812	0.254928
3.63	-1.90551	0.267115
3.64	-1.90278	0.278986
3.65	-1.89993	0.290552
3.66	-1.89697	0.301823
3.67	-1.8939	0.312809
3.68	-1.89072	0.323521
3.69	-1.88743	0.333967
3.7	-1.88404	0.344157
3.71	-1.88055	0.354101
3.72	-1.87696	0.363808
3.73	-1.87327	0.373286
3.74	-1.86949	0.382543
3.75	-1.86562	0.391589
3.76	-1.86166	0.400431
3.77	-1.85761	0.409078
3.78	-1.85348	0.417536
3.79	-1.84926	0.425812
3.8	-1.84496	0.433916
3.81	-1.84058	0.441852
3.82	-1.83613	0.449629
3.83	-1.83159	0.457252
3.84	-1.82698	0.464729
3.85	-1.8223	0.472065
3.86	-1.81754	0.479266
3.87	-1.81271	0.486338
3.88	-1.80782	0.493287
3.89	-1.80285	0.500119
3.9	-1.79781	0.506838
3.91	-1.79271	0.51345
3.92	-1.78754	0.51996
3.93	-1.78231	0.526373
3.94	-1.77702	0.532693
3.95	-1.77166	0.538926
3.96	-1.76624	0.545075
3.97	-1.76076	0.551145
3.98	-1.75522	0.557141
3.99	-1.74962	0.563065
4	-1.74396	0.568923
4.01	-1.73824	0.574718
4.02	-1.73246	0.580454
4.03	-1.72663	0.586134
4.04	-1.72074	0.591762
4.05	-1.71479	0.597341
4.06	-1.70879	0.602876
4.07	-1.70274	0.608368
4.08	-1.69662	0.613822
4.09	-1.69046	0.61924
4.1	-1.68424	0.624625
4.11	-1.67797	0.629981
4.12	-1.67164	0.63531
4.13	-1.66526	0.640615
4.14	-1.65883	0.645899
4.15	-1.65234	0.651164
4.16	-1.64581	0.656413
4.17	-1.63921	0.661649
4.18	-1.63257	0.666874
4.19	-1.62588	0.672091
4.2	-1.61913	0.677301
4.21	-1.61233	0.682508
4.22	-1.60548	0.687714
4.23	-1.59858	0.69292
4.24	-1.59162	0.69813
4.25	-1.58461	0.703345
4.26	-1.57755	0.708568
4.27	-1.57044	0.7138
4.28	-1.56328	0.719044
4.29	-1.55606	0.724303
4.3	-1.54879	0.729577
4.31	-1.54147	0.734869
4.32	-1.5341	0.740181
4.33	-1.52667	0.745516
4.34	-1.51918	0.750874
4.35	-1.51165	0.756258
4.36	-1.50406	0.761671
4.37	-1.49642	0.767113
4.38	-1.48872	0.772587
4.39	-1.48096	0.778094
4.4	-1.47316	0.783637
4.41	-1.46529	0.789218
4.42	-1.45737	0.794838
4.43	-1.44939	0.800499
4.44	-1.44136	0.806203
4.45	-1.43327	0.811953
4.46	-1.42512	0.817749
4.47	-1.41691	0.823594
4.48	-1.40865	0.82949
4.49	-1.40032	0.835439
4.5	-1.39194	0.841442
4.51	-1.3835	0.847501
4.52	-1.37499	0.853619
4.53	-1.36642	0.859797
4.54	-1.35779	0.866037
4.55	-1.3491	0.872342
4.56	-1.34035	0.878712
4.57	-1.33153	0.885151
4.58	-1.32264	0.89166
4.59	-1.31369	0.898241
4.6	-1.30468	0.904895
4.61	-1.2956	0.911627
4.62	-1.28645	0.918436
4.63	-1.27723	0.925326
4.64	-1.26794	0.932298
4.65	-1.25858	0.939355
4.66	-1.24915	0.946498
4.67	-1.23965	0.953731
4.68	-1.23008	0.961054
4.69	-1.22043	0.968471
4.7	-1.21071	0.975983
4.71	-1.20091	0.983593
4.72	-1.19103	0.991303
4.73	-1.18108	0.999116
4.74	-1.17105	1.00703
4.75	-1.16094	1.01506
4.76	-1.15075	1.02319
4.77	-1.14048	1.03144
4.78	-1.13012	1.0398
4.79	-1.11968	1.04828
4.8	-1.10916	1.05688
4.81	-1.09854	1.0656
4.82	-1.08784	1.07444
4.83	-1.07705	1.08341
4.84	-1.06617	1.09251
4.85	-1.0552	1.10175
4.86	-1.04414	1.11112
4.87	-1.03298	1.12063
4.88	-1.02173	1.13028
4.89	-1.01037	1.14007
4.9	-0.998924	1.15001
4.91	-0.987374	1.1601
4.92	-0.975722	1.17034
4.93	-0.963966	1.18074
4.94	-0.952106	1.19129
4.95	-0.94014	1.20201
4.96	-0.928066	1.21289
4.97	-0.915882	1.22394
4.98	-0.903586	1.23515
4.99	-0.891178	1.24654
5	-0.878655	1.25811
5.01	-0.866015	1.26985
5.02	-0.853257	1.28178
5.03	-0.840379	1.29389
5.04	-0.827379	1.30619
5.05	-0.814255	1.31868
5.06	-0.801005	1.33136
5.07	-0.787627	1.34424
5.08	-0.774119	1.35732
5.09	-0.76048	1.3706
5.1	-0.746706	1.38409
5.11	-0.732797	1.39779
5.12	-0.71875	1.41169
5.13	-0.704562	1.42581
5.14	-0.690233	1.44015
5.15	-0.675759	1.4547
5.16	-0.661138	1.46947
5.17	-0.646369	1.48446
5.18	-0.631448	1.49968
5.19	-0.616374	1.51513
5.2	-0.601145	1.5308
5.21	-0.585758	1.5467
5.22	-0.57021	1.56284
5.23	-0.5545	1.5792
5.24	-0.538625	1.5958
5.25	-0.522583	1.61263
5.26	-0.506372	1.6297
5.27	-0.489989	1.64699
5.28	-0.473431	1.66453
5.29	-0.456697	1.68229
5.3	-0.439785	1.70029
5.31	-0.422691	1.71852
5.32	-0.405413	1.73697
5.33	-0.38795	1.75565
5.34	-0.3703	1.77456
5.35	-0.352459	1.79368
5.36	-0.334425	1.81302
5.37	-0.316197	1.83257
5.38	-0.297773	1.85233
5.39	-0.27915	1.87229
5.4	-0.260327	1.89244
5.41	-0.241301	1.91278
5.42	-0.222071	1.93329
5.43	-0.202634	1.95397
5.44	-0.182991	1.97482
5.45	-0.163138	1.9958
5.46	-0.143074	2.01693
5.47	-0.122799	2.03817
5.48	-0.10231	2.05953
5.49	-0.0816077	2.08097
5.5	-0.0606904	2.1025
5.51	-0.0395576	2.12408
5.52	-0.0182087	2.1457
5.53	0.0033564	2.16733
5.54	0.0251379	2.18897
5.55	0.0471357	2.21057
5.56	0.0693492	2.23213
5.57	0.091778	2.25361
5.58	0.114421	2.27498
5.59	0.137277	2.29621
5.6	0.160345	2.31728
5.61	0.183622	2.33815
5.62	0.207107	2.35878
5.63	0.230797	2.37915
5.64	0.254689	2.3992
5.65	0.27878	2.41891
5.66	0.303066	2.43823
5.67	0.327543	2.45712
5.68	0.352206	2.47553
5.69	0.377052	2.49343
5.7	0.402073	2.51076
5.71	0.427265	2.52747
5.72	0.45262	2.54352
5.73	0.478133	2.55885
5.74	0.503795	2.57341
5.75	0.529598	2.58716
5.76	0.555535	2.60003
5.77	0.581596	2.61198
5.78	0.607771	2.62295
5.79	0.634051	2.63289
5.8	0.660426	2.64174
5.81	0.686883	2.64946
5.82	0.713411	2.65598
5.83	0.739998	2.66125
5.84	0.766631	2.66524
5.85	0.793298	2.66788
5.86	0.819984	2.66914
5.87	0.846676	2.66896
5.88	0.873359	2.6673
5.89	0.900017	2.66413
5.9	0.926636	2.65941
5.91	0.9532	2.65311
5.92	0.979693	2.64519
5.93	1.0061	2.63563
5.94	1.0324	2.62442
5.95	1.05858	2.61152
5.96	1.08462	2.59694
5.97	1.11051	2.58067
5.98	1.13623	2.5627
5.99	1.16176	2.54303
6	1.18709	2.52168
6.01	1.21219	2.49866
6.02	1.23706	2.47398
6.03	1.26166	2.44769
6.04	1.286	2.41979
6.05	1.31006	2.39034
6.06	1.33381	2.35936
6.07	1.35724	2.32692
6.08	1.38034	2.29305
6.09	1.40309	2.25781
6.1	1.42549	2.22126
6.11	1.44752	2.18347
6.12	1.46916	2.1445
6.13	1.4904	2.10443
6.14	1.51124	2.06332
6.15	1.53167	2.02125
6.16	1.55166	1.9783
6.17	1.57123	1.93455
6.18	1.59035	1.89007
6.19	1.60903	1.84496
6.2	1.62725	1.79929
6.21	1.64501	1.75314
6.22	1.66231	1.7066
6.23	1.67914	1.65974
6.24	1.6955	1.61264
6.25	1.7114	1.56539
6.26	1.72681	1.51805
6.27	1.74176	1.4707
6.28	1.75623	1.42342
6.29	1.77022	1.37626
6.3	1.78375	1.3293
6.31	1.79681	1.2826
6.32	1.80941	1.23622
6.33	1.82154	1.19021
6.34	1.83321	1.14463
6.35	1.84443	1.09952
6.36	1.8552	1.05494
6.37	1.86553	1.01091
6.38	1.87542	0.967492
6.39	1.88488	0.924708
6.4	1.89392	0.882592
6.41	1.90254	0.841174
6.42	1.91075	0.800478
6.43	1.91855	0.760525
6.44	1.92596	0.721336
6.45	1.93298	0.682924
6.46	1.93962	0.645305
6.47	1.94589	0.608487
6.48	1.95179	0.572478
6.49	1.95734	0.537285
6.5	1.96254	0.502909
6.51	1.9674	0.469352
6.52	1.97193	0.436613
6.53	1.97614	0.404689
6.54	1.98003	0.373575
6.55	1.98361	0.343266
6.56	1.9869	0.313753
6.57	1.98989	0.285027
6.58	1.9926	0.25708
6.59	1.99503	0.229899
6.6	1.9972	0.203472
6.61	1.9991	0.177788
6.62	2.00076	0.152831
6.63	2.00216	0.128588
6.64	2.00333	0.105045
6.65	2.00427	0.082186
6.66	2.00498	0.0599954
6.67	2.00547	0.0384575
6.68	2.00575	0.0175563
6.69	2.00582	-0.00272434
6.7	2.0057	-0.0224008
6.71	2.00538	-0.0414894
6.72	2.00487	-0.0600065
6.73	2.00418	-0.0779684
6.74	2.00331	-0.0953913
6.75	2.00227	-0.112291
6.76	2.00107	-0.128684
6.77	1.9997	-0.144586
6.78	1.99818	-0.160012
6.79	1.9965	-0.174977
6.8	1.99468	-0.189497
6.81	1.99271	-0.203586
6.82	1.99061	-0.217259
6.83	1.98837	-0.23053
6.84	1.986	-0.243413
6.85	1.9835	-0.255922
6.86	1.98088	-0.268069
6.87	1.97814	-0.279867
6.88	1.97529	-0.29133
6.89	1.97232	-0.30247
6.9	1.96924	-0.313298
6.91	1.96605	-0.323826
6.92	1.96276	-0.334065
6.93	1.95937	-0.344026
6.94	1.95588	-0.353721
6.95	1.9523	-0.363159
6.96	1.94862	-0.37235
6.97	1.94485	-0.381304
6.98	1.94099	-0.390031
6.99	1.93705	-0.398539
7	1.93302	-0.406838
7.01	1.92891	-0.414936
7.02	1.92473	-0.422841
7.03	1.92046	-0.430561
7.04	1.91612	-0.438104
7.05	1.9117	-0.445478
7.06	1.90721	-0.452689
7.07	1.90264	-0.459745
7.08	1.89801	-0.466653
7.09	1.89331	-0.473419
7.1	1.88854	-0.480049
7.11	1.88371	-0.48655
7.12	1.87881	-0.492927
7.13	1.87385	-0.499187
7.14	1.86883	-0.505334
7.15	1.86375	-0.511374
7.16	1.8586	-0.517312
7.17	1.8534	-0.523154
7.18	1.84814	-0.528903
7.19	1.84282	-0.534565
7.2	1.83745	-0.540145
7.21	1.83202	-0.545646
7.22	1.82654	-0.551072
7.23	1.821	-0.556429
7.24	1.81541	-0.56172
7.25	1.80976	-0.566948
7.26	1.80407	-0.572117
7.27	1.79832	-0.577232
7.28	1.79252	-0.582294
7.29	1.78668	-0.587309
7.3	1.78078	-0.592279
7.31	1.77483	-0.597207
7.32	1.76883	-0.602096
7.33	1.76279	-0.60695
7.34	1.7567	-0.611771
7.35	1.75055	-0.616562
7.36	1.74436	-0.621326
7.37	1.73813	-0.626065
7.38	1.73184	-0.630783
7.39	1.72551	-0.635481
7.4	1.71913	-0.640162
7.41	1.71271	-0.644828
7.42	1.70624	-0.649483
7.43	1.69972	-0.654128
7.44	1.69315	-0.658765
7.45	1.68654	-0.663396
7.46	1.67989	-0.668024
7.47	1.67318	-0.672651
7.48	1.66643	-0.677279
7.49	1.65964	-0.68191
7.5	1.6528	-0.686546
7.51	1.64591	-0.691189
7.52	1.63897	-0.69584
7.53	1.63199	-0.700502
7.54	1.62496	-0.705176
7.55	1.61789	-0.709865
7.56	1.61076	-0.714569
7.57	1.60359	-0.719292
7.58	1.59638	-0.724034
7.59	1.58911	-0.728798
7.6	1.5818	-0.733585
7.61	1.57444	-0.738396
7.62	1.56703	-0.743234
7.63	1.55958	-0.748101
7.64	1.55207	-0.752997
7.65	1.54452	-0.757924
7.66	1.53691	-0.762885
7.67	1.52926	-0.76788
7.68	1.52156	-0.772912
7.69	1.5138	-0.777982
7.7	1.506	-0.783092
7.71	1.49814	-0.788243
7.72	1.49023	-0.793437
7.73	1.48227	-0.798676
7.74	1.47426	-0.803961
7.75	1.46619	-0.809294
7.76	1.45807	-0.814676
7.77	1.4499	-0.82011
7.78	1.44167	-0.825596
7.79	1.43339	-0.831137
7.8	1.42505	-0.836734
7.81	1.41665	-0.842389
7.82	1.4082	-0.848104
7.83	1.39969	-0.85388
7.84	1.39112	-0.859719
7.85	1.38249	-0.865622
7.86	1.37381	-0.871592
7.87	1.36506	-0.877631
7.88	1.35625	-0.883739
7.89	1.34739	-0.88992
7.9	1.33846	-0.896174
7.91	1.32946	-0.902504
7.92	1.32041	-0.908911
7.93	1.31128	-0.915398
7.94	1.3021	-0.921965
7.95	1.29284	-0.928616
7.96	1.28352	-0.935353
7.97	1.27414	-0.942176
7.98	1.26468	-0.949089
7.99	1.25516	-0.956092
8	1.24556	-0.963189
8.01	1.23589	-0.970382
8.02	1.22615	-0.977672
8.03	1.21634	-0.985061
8.04	1.20645	-0.992553
8.05	1.19649	-1.00015
8.06	1.18645	-1.00785
8.07	1.17633	-1.01566
8.08	1.16613	-1.02358
8.09	1.15586	-1.03162
8.1	1.1455	-1.03977
8.11	1.13506	-1.04804
8.12	1.12454	-1.05643
8.13	1.11393	-1.06494
8.14	1.10324	-1.07358
8.15	1.09246	-1.08234
8.16	1.08159	-1.09124
8.17	1.07063	-1.10027
8.18	1.05959	-1.10943
8.19	1.04845	-1.11874
8.2	1.03721	-1.12818
8.21	1.02588	-1.13777
8.22	1.01446	-1.14751
8.23	1.00293	-1.15739
8.24	0.991307	-1.16743
8.25	0.979582	-1.17762
8.26	0.967754	-1.18798
8.27	0.955822	-1.19849
8.28	0.943784	-1.20916
8.29	0.931638	-1.22001
8.3	0.919383	-1.23102
8.31	0.907017	-1.24221
8.32	0.894538	-1.25357
8.33	0.881945	-1.26511
8.34	0.869235	-1.27683
8.35	0.856408	-1.28873
8.36	0.84346	-1.30083
8.37	0.830391	-1.31311
8.38	0.817197	-1.32559
8.39	0.803878	-1.33826
8.4	0.790431	-1.35114
8.41	0.776855	-1.36421
8.42	0.763146	-1.37749
8.43	0.749304	-1.39098
8.44	0.735326	-1.40468
8.45	0.72121	-1.41859
8.46	0.706953	-1.43272
8.47	0.692555	-1.44707
8.48	0.678011	-1.46163
8.49	0.663321	-1.47642
8.5	0.648482	-1.49144
8.51	0.633492	-1.50668
8.52	0.618348	-1.52215
8.53	0.603048	-1.53785
8.54	0.58759	-1.55378
8.55	0.571972	-1.56995
8.56	0.55619	-1.58635
8.57	0.540244	-1.60298
8.58	0.52413	-1.61985
8.59	0.507846	-1.63696
8.6	0.49139	-1.65431
8.61	0.474759	-1.67189
8.62	0.457951	-1.6897
8.63	0.440964	-1.70775
8.64	0.423796	-1.72603
8.65	0.406443	-1.74455
8.66	0.388904	-1.76329
8.67	0.371176	-1.78226
8.68	0.353258	-1.80145
8.69	0.335147	-1.82085
8.7	0.31684	-1.84047
8.71	0.298337	-1.8603
8.72	0.279634	-1.88033
8.73	0.260729	-1.90056
8.74	0.241622	-1.92097
8.75	0.222309	-1.94156
8.76	0.20279	-1.96233
8.77	0.183062	-1.98325
8.78	0.163124	-2.00432
8.79	0.142975	-2.02553
8.8	0.122613	-2.04686
8.81	0.102038	-2.0683
8.82	0.0812473	-2.08983
8.83	0.060241	-2.11144
8.84	0.0390183	-2.1331
8.85	0.0175788	-2.15481
8.86	-0.00407786	-2.17653
8.87	-0.0259518	-2.19825
8.88	-0.0480427	-2.21994
8.89	-0.0703503	-2.24157
8.9	-0.0928739	-2.26313
8.91	-0.115613	-2.28458
8.92	-0.138565	-2.30589
8.93	-0.16173	-2.32703
8.94	-0.185105	-2.34797
8.95	-0.208688	-2.36867
8.96	-0.232477	-2.38909
8.97	-0.256469	-2.4092
8.98	-0.28066	-2.42896
8.99	-0.305047	-2.44833
9	-0.329625	-2.46726
9.01	-0.354391	-2.4857
9.02	-0.379338	-2.50362
9.03	-0.404461	-2.52097
9.04	-0.429755	-2.53769
9.05	-0.455213	-2.55374
9.06	-0.480827	-2.56906
9.07	-0.506591	-2.5836
9.08	-0.532497	-2.59732
9.09	-0.558535	-2.61015
9.1	-0.584697	-2.62205
9.11	-0.610972	-2.63295
9.12	-0.637352	-2.64281
9.13	-0.663825	-2.65157
9.14	-0.69038	-2.65918
9.15	-0.717005	-2.66558
9.16	-0.743687	-2.67073
9.17	-0.770415	-2.67457
9.18	-0.797174	-2.67705
9.19	-0.823951	-2.67812
9.2	-0.850732	-2.67775
9.21	-0.877501	-2.67589
9.22	-0.904245	-2.6725
9.23	-0.930946	-2.66754
9.24	-0.95759	-2.66098
9.25	-0.98416	-2.6528
9.26	-1.01064	-2.64296
9.27	-1.03701	-2.63145
9.28	-1.06326	-2.61825
9.29	-1.08937	-2.60335
9.3	-1.11533	-2.58674
9.31	-1.1411	-2.56842
9.32	-1.16669	-2.5484
9.33	-1.19206	-2.52668
9.34	-1.21722	-2.50329
9.35	-1.24212	-2.47823
9.36	-1.26677	-2.45155
9.37	-1.29115	-2.42326
9.38	-1.31523	-2.39341
9.39	-1.33901	-2.36203
9.4	-1.36247	-2.32918
9.41	-1.38559	-2.29491
9.42	-1.40836	-2.25927
9.43	-1.43077	-2.22232
9.44	-1.45281	-2.18414
9.45	-1.47445	-2.14478
9.46	-1.4957	-2.10431
9.47	-1.51654	-2.06282
9.48	-1.53695	-2.02038
9.49	-1.55694	-1.97706
9.5	-1.57649	-1.93296
9.51	-1.5956	-1.88814
9.52	-1.61425	-1.8427
9.53	-1.63245	-1.7967
9.54	-1.65018	-1.75025
9.55	-1.66745	-1.70341
9.56	-1.68425	-1.65627
9.57	-1.70058	-1.60891
9.58	-1.71643	-1.5614
9.59	-1.7318	-1.51383
9.6	-1.74671	-1.46626
9.61	-1.76113	-1.41878
9.62	-1.77508	-1.37143
9.63	-1.78856	-1.3243
9.64	-1.80157	-1.27744
9.65	-1.81411	-1.23091
9.66	-1.82619	-1.18477
9.67	-1.83781	-1.13908
9.68	-1.84897	-1.09387
9.69	-1.85969	-1.0492
9.7	-1.86996	-1.0051
9.71	-1.87979	-0.961622
9.72	-1.88919	-0.91879
9.73	-1.89817	-0.876639
9.74	-1.90673	-0.835197
9.75	-1.91487	-0.794487
9.76	-1.92262	-0.754532
9.77	-1.92997	-0.715349
9.78	-1.93693	-0.676954
9.79	-1.94351	-0.639359
9.8	-1.94972	-0.602574
9.81	-1.95556	-0.566606
9.82	-1.96105	-0.531459
9.83	-1.9662	-0.497137
9.84	-1.971	-0.46364
9.85	-1.97547	-0.430966
9.86	-1.97962	-0.399112
9.87	-1.98346	-0.368072
9.88	-1.98698	-0.337841
9.89	-1.99022	-0.30841
9.9	-1.99316	-0.27977
9.91	-1.99581	-0.25191
9.92	-1.9982	-0.224819
9.93	-2.00031	-0.198485
9.94	-2.00217	-0.172894
9.95	-2.00377	-0.148033
9.96	-2.00513	-0.123887
9.97	-2.00625	-0.100441
9.98	-2.00714	-0.0776801
9.99	-2.00781	-0.0555878
10	-2.00826	-0.0341485
