694     1       0.8864027780    0.0001983442
362     2       0.8858790671    0.0003926002
222     3       0.8861036748    0.0001391575
216     4       0.8862882632    0.0000691281
219     5       0.8870533856    0.0009324762
223     6       0.8855455187    0.0007689692
221     7       0.8863776797    0.0001700238
202     8       0.8868782840    0.0007348953
221     9       0.8864336983    0.0002332341
213     10      0.8869247141    0.0007872860
241     11      0.8864398164    0.0002401376
225     12      0.8870262466    0.0009018532
238     13      0.8866626680    0.0004915987
232     14      0.8859249490    0.0003408280
168     15      0.8858477805    0.0004279034
179     16      0.8862730154    0.0000519228
212     17      0.8857772468    0.0005074921
199     18      0.8862090850    0.0000202149
207     19      0.8868561560    0.0007099265
206     20      0.8855788065    0.0007314080
255     21      0.8860826196    0.0001629159
231     22      0.8861136159    0.0001279403
232     23      0.8862766409    0.0000560137
230     24      0.8863300554    0.0001162855
265     25      0.8863931685    0.0001875011
235     26      0.8862854558    0.0000659603
237     27      0.8859360165    0.0003283397
233     28      0.8867625547    0.0006043087
225     29      0.8862769537    0.0000563667
207     30      0.8858277486    0.0004505069
246     31      0.8861659922    0.0000688399
233     32      0.8859301696    0.0003349372
233     33      0.8864611725    0.0002642353
202     34      0.8858387688    0.0004380719
238     35      0.8860157043    0.0002384217
195     36      0.8874053364    0.0013296101
222     37      0.8862357124    0.0000098309
154     38      0.8857949349    0.0004875332
154     39      0.8864429980    0.0002437276
211     40      0.8867582372    0.0005994369
208     41      0.8855539258    0.0007594829
205     42      0.8860028182    0.0002529620
207     43      0.8862946790    0.0000763676
201     44      0.8862478091    0.0000234806
226     45      0.8858173864    0.0004621995
238     46      0.8858740081    0.0003983086
172     47      0.8869103701    0.0007711005
170     48      0.8857476954    0.0005408373
239     49      0.8863078826    0.0000912663
240     50      0.8867499821    0.0005901220
237     51      0.8860091968    0.0002457646
246     52      0.8851368488    0.0012301038
205     53      0.8862687608    0.0000471220
240     54      0.8864712493    0.0002756058
236     55      0.8860421508    0.0002085800
239     56      0.8856852979    0.0006112454
261     57      0.8858716362    0.0004009851
236     58      0.8855261411    0.0007908345
201     59      0.8861897594    0.0000420215
250     60      0.8864305511    0.0002296828
232     61      0.8856608736    0.0006388052
190     62      0.8858800217    0.0003915230
247     63      0.8866613368    0.0004900966
225     64      0.8858248652    0.0004537605
173     65      0.8864129152    0.0002097828
220     66      0.8865424032    0.0003558944
242     67      0.8862211628    0.0000065865
227     68      0.8866939105    0.0005268521
188     69      0.8862892620    0.0000702552
241     70      0.8863566202    0.0001462608