632     1       0.8864941538    0.0003014508
356     2       0.8863988489    0.0001939107
256     3       0.8864801209    0.0002856164
195     4       0.8858116397    0.0004686838
247     5       0.8861796637    0.0000534133
253     6       0.8863421461    0.0001299284
237     7       0.8861633775    0.0000717903
226     8       0.8866822587    0.0005137044
221     9       0.8866819171    0.0005133189
185     10      0.8867017751    0.0005357263
190     11      0.8861041435    0.0001386287
200     12      0.8861486614    0.0000883957
235     13      0.8859081262    0.0003598105
202     14      0.8862070166    0.0000225488
221     15      0.8858889352    0.0003814652
189     16      0.8866544781    0.0004823574
221     17      0.8866048708    0.0004263815
204     18      0.8864737463    0.0002784234
224     19      0.8861440607    0.0000935870
214     20      0.8862034866    0.0000265320
246     21      0.8865812620    0.0003997418
200     22      0.8857450187    0.0005438577
193     23      0.8868775930    0.0007341155
221     24      0.8863536695    0.0001429312
181     25      0.8863482442    0.0001368094
226     26      0.8861404526    0.0000976583
193     27      0.8864111818    0.0002078268
237     28      0.8867202313    0.0005565519
190     29      0.8870893952    0.0009731087
205     30      0.8866133543    0.0004359541
240     31      0.8858394969    0.0004372504
182     32      0.8859777519    0.0002812464
185     33      0.8856986262    0.0005962060
227     34      0.8854988345    0.0008216468
226     35      0.8861335450    0.0001054526
221     36      0.8861901236    0.0000416106
215     37      0.8861018253    0.0001412445
246     38      0.8864007644    0.0001960721
243     39      0.8858534621    0.0004214924
241     40      0.8867860520    0.0006308226
232     41      0.8868032289    0.0006502046
191     42      0.8861736311    0.0000602203
164     43      0.8860282292    0.0002242888
206     44      0.8860637925    0.0001841599
227     45      0.8862575451    0.0000344664
223     46      0.8857471260    0.0005414797
226     47      0.8859123303    0.0003550667
203     48      0.8860961515    0.0001476467
230     49      0.8867621558    0.0006038586
230     50      0.8857332433    0.0005571448
239     51      0.8857230764    0.0005686169
248     52      0.8859259867    0.0003396571
256     53      0.8861876904    0.0000443561
254     54      0.8853395288    0.0010014039
240     55      0.8861074542    0.0001348930
242     56      0.8867428438    0.0005820673
240     57      0.8861544077    0.0000819116
233     58      0.8869380273    0.0008023083
198     59      0.8860741737    0.0001724460
250     60      0.8862427992    0.0000178275
216     61      0.8872327777    0.0011348985
209     62      0.8870277086    0.0009035028
219     63      0.8860471140    0.0002029796
161     64      0.8863095463    0.0000931436
247     65      0.8860817169    0.0001639344
230     66      0.8868077541    0.0006553107
198     67      0.8860038046    0.0002518490
218     68      0.8864906013    0.0002974422
245     69      0.8862706590    0.0000492639
237     70      0.8866734099    0.0005037196