663     1       0.8854293566    0.0009000441
445     2       0.8861060582    0.0001364682
284     3       0.8852896080    0.0010577335
221     4       0.8863117667    0.0000956489
193     5       0.8865667813    0.0003834021
170     6       0.8864359513    0.0002357763
206     7       0.8863534659    0.0001427014
239     8       0.8859145262    0.0003525889
221     9       0.8861611318    0.0000743243
196     10      0.8870327497    0.0009091912
160     11      0.8862022081    0.0000279747
153     12      0.8865752933    0.0003930069
196     13      0.8859691250    0.0002909808
189     14      0.8861441468    0.0000934898
185     15      0.8857734149    0.0005118159
240     16      0.8855585116    0.0007543083
214     17      0.8866557214    0.0004837602
238     18      0.8859329400    0.0003318111
197     19      0.8860917707    0.0001525899
252     20      0.8859378871    0.0003262290
198     21      0.8868458799    0.0006983311
237     22      0.8862316599    0.0000052582
233     23      0.8862770788    0.0000565078
224     24      0.8852747169    0.0010745363
196     25      0.8870425852    0.0009202893
238     26      0.8856839679    0.0006127460
193     27      0.8867115326    0.0005467364
184     28      0.8867060119    0.0005405070
189     29      0.8858268675    0.0004515011
247     30      0.8861323233    0.0001068312
225     31      0.8862418559    0.0000167631
206     32      0.8862093697    0.0000198936
243     33      0.8861372220    0.0001013036
234     34      0.8875468024    0.0014892374
247     35      0.8864220393    0.0002200782
198     36      0.8856355640    0.0006673640
250     37      0.8856760711    0.0006216566
256     38      0.8864042930    0.0002000537
237     39      0.8858747393    0.0003974836
205     40      0.8858316514    0.0004461031
231     41      0.8861497147    0.0000872071
222     42      0.8860496032    0.0002001708
206     43      0.8858205823    0.0004585933
201     44      0.8861085164    0.0001336944
222     45      0.8866267003    0.0004510135
253     46      0.8857556793    0.0005318284
199     47      0.8860700599    0.0001770880
206     48      0.8862315126    0.0000050919
155     49      0.8862569999    0.0000338513
207     50      0.8864217782    0.0002197837
226     51      0.8863983412    0.0001933378
212     52      0.8856013499    0.0007059704
157     53      0.8864941702    0.0003014692
214     54      0.8856437049    0.0006581779
197     55      0.8863563193    0.0001459212
244     56      0.8859920482    0.0002651147
230     57      0.8858648283    0.0004086670
239     58      0.8859934090    0.0002635792
231     59      0.8868846984    0.0007421331
197     60      0.8865350167    0.0003475596
225     61      0.8855932379    0.0007151239
256     62      0.8866955871    0.0005287439
206     63      0.8862807403    0.0000606394
242     64      0.8859471171    0.0003158140
223     65      0.8863782349    0.0001706503
206     66      0.8860457924    0.0002044709
255     67      0.8867665955    0.0006088683
232     68      0.8863711440    0.0001626491
250     69      0.8861246940    0.0001154399
225     70      0.8865302980    0.0003422351