0	1	1.27e-06	0	0
0.5	0.77334	-0.876911	0	0
1	0.194839	-1.36469	0	0
1.5	-0.481718	-1.25821	0	0
2	-0.991818	-0.720271	0	0
2.5	-1.18767	-0.0402887	0	0
3	-1.047	0.584323	0	0
3.5	-0.626546	1.04468	0	0
4	-0.0383779	1.23499	0	0
4.5	0.546923	1.03434	0	0
5	0.917748	0.40442	0	0
5.5	0.902287	-0.462633	0	0
6	0.484867	-1.15413	0	0
6.5	-0.154911	-1.32565	0	0
7	-0.748085	-0.974504	0	0
7.5	-1.09003	-0.352306	0	0
8	-1.1041	0.296502	0	0
8.5	-0.813064	0.830633	0	0
9	-0.302054	1.14968	0	0
9.5	0.288145	1.13827	0	0
10	0.764486	0.709131	0	0
10.5	0.930858	-0.0626531	0	0
11	0.693248	-0.856867	0	0
11.5	0.143864	-1.27201	0	0
12	-0.479163	-1.14343	0	0
12.5	-0.935883	-0.628081	0	0
13	-1.09433	0.0125888	0	0
13.5	-0.937134	0.595624	0	0
14	-0.522447	1.01109	0	0
14.5	0.0358408	1.15284	0	0
15	0.568995	0.914415	0	0
15.5	0.878553	0.286841	0	0
16	0.818237	-0.519057	0	0
16.5	0.396004	-1.11655	0	0
17	-0.206484	-1.2188	0	0
17.5	-0.740903	-0.853609	0	0
18	-1.02712	-0.257089	0	0
18.5	-1.00258	0.35101	0	0
19	-0.695718	0.837567	0	0
19.5	-0.195632	1.10051	0	0
20	0.354149	1.03087	0	0
20.5	0.766237	0.567521	0	0
21	0.865864	-0.179831	0	0
21.5	0.590303	-0.886981	0	0
22	0.0513838	-1.20153	0	0
22.5	-0.520821	-1.017	0	0
23	-0.912417	-0.502052	0	0
23.5	-1.01435	0.10571	0	0
24	-0.821182	0.642035	0	0
24.5	-0.397545	0.999492	0	0
25	0.137124	1.07302	0	0
25.5	0.613478	0.774176	0	0
26	0.846944	0.132135	0	0
26.5	0.722319	-0.613764	0	0
27	0.279669	-1.10121	0	0
27.5	-0.29086	-1.11044	0	0
28	-0.760745	-0.711874	0	0
28.5	-0.978189	-0.132203	0	0
29	-0.900054	0.433968	0	0
29.5	-0.565027	0.863917	0	0
30	-0.0697541	1.05564	0	0
30.5	0.43721	0.909909	0	0
31	0.774563	0.398863	0	0
31.5	0.793138	-0.325416	0	0
32	0.467914	-0.934113	0	0
32.5	-0.0650328	-1.13148	0	0
33	-0.583031	-0.877059	0	0
33.5	-0.900521	-0.35474	0	0
34	-0.934757	0.220883	0	0
34.5	-0.695794	0.704501	0	0
35	-0.258006	0.99202	0	0
35.5	0.251287	0.982287	0	0
36	0.662227	0.611471	0	0
36.5	0.80789	-0.0455024	0	0
37	0.610018	-0.720213	0	0
37.5	0.144553	-1.08345	0	0
38	-0.390319	-0.990175	0	0
38.5	-0.788404	-0.553881	0	0
39	-0.928575	0.00938839	0	0
39.5	-0.789298	0.529487	0	0
40	-0.422076	0.893336	0	0
40.5	0.0665614	1.00066	0	0
41	0.522659	0.767869	0	0
41.5	0.774278	0.208652	0	0
42	0.703858	-0.480268	0	0
42.5	0.328234	-0.974865	0	0
43	-0.193337	-1.04688	0	0
43.5	-0.649453	-0.721916	0	0
44	-0.885502	-0.194182	0	0
44.5	-0.846194	0.345488	0	0
45	-0.558563	0.768682	0	0
45.5	-0.10877	0.974544	0	0
46	0.367124	0.870476	0	0
46.5	0.701319	0.425923	0	0
47	0.750638	-0.233427	0	0
47.5	0.479097	-0.818048	0	0
48	-0.00201236	-1.04653	0	0
48.5	-0.491679	-0.852061	0	0
49	-0.810171	-0.38351	0	0
49.5	-0.868019	0.158185	0	0
50	-0.665646	0.625391	0	0
50.5	-0.26873	0.912691	0	0
51	0.205157	0.924319	0	0
51.5	0.598352	0.600553	0	0
52	0.754082	0.00432537	0	0
52.5	0.593015	-0.627453	0	0
53	0.174984	-0.992328	0	0
53.5	-0.323242	-0.939163	0	0
54	-0.707794	-0.552328	0	0
54.5	-0.857014	-0.0271738	0	0
55	-0.742664	0.469469	0	0
55.5	-0.409131	0.822777	0	0
56	0.0445332	0.93564	0	0
56.5	0.474349	0.730957	0	0
57	0.719628	0.220888	0	0
57.5	0.668464	-0.417957	0	0
58	0.330596	-0.890858	0	0
58.5	-0.15214	-0.980303	0	0
59	-0.584082	-0.694697	0	0
59.5	-0.81604	-0.205465	0	0
60	-0.789838	0.306019	0	0
60.5	-0.527191	0.711333	0	0
61	-0.1086	0.910949	0	0
61.5	0.337485	0.818496	0	0
62	0.653689	0.408092	0	0
62.5	0.706168	-0.20344	0	0
63	0.459605	-0.751279	0	0
63.5	0.0141279	-0.975179	0	0
64	-0.445114	-0.805421	0	0
64.5	-0.748514	-0.371578	0	0
65	-0.808091	0.139611	0	0
65.5	-0.621229	0.583882	0	0
66	-0.24953	0.856476	0	0
66.5	0.194912	0.866397	0	0
67	0.563048	0.561295	0	0
67.5	0.708638	0.00419682	0	0
68	0.558698	-0.584274	0	0
68.5	0.168884	-0.92617	0	0
69	-0.29715	-0.880513	0	0
69.5	-0.658368	-0.520472	0	0
70	-0.798938	-0.0254376	0	0
70.5	-0.690428	0.445147	0	0
71	-0.374759	0.777889	0	0
71.5	0.0526839	0.878903	0	0
72	0.454396	0.67874	0	0
72.5	0.679687	0.195567	0	0
73	0.626393	-0.400978	0	0
73.5	0.306535	-0.838092	0	0
74	-0.146409	-0.917596	0	0
74.5	-0.549973	-0.647367	0	0
75	-0.764427	-0.184889	0	0
75.5	-0.734668	0.29929	0	0
76	-0.481798	0.68021	0	0
76.5	-0.0842196	0.860653	0	0
77	0.334016	0.760846	0	0
77.5	0.623964	0.363932	0	0
78	0.662851	-0.212041	0	0
78.5	0.422754	-0.717697	0	0
79	0.00117102	-0.916184	0	0
79.5	-0.428048	-0.748029	0	0
80	-0.707093	-0.334517	0	0
80.5	-0.754412	0.150124	0	0
81	-0.568988	0.567846	0	0
81.5	-0.211809	0.816272	0	0
82	0.207585	0.809533	0	0
82.5	0.546541	0.505042	0	0
83	0.669609	-0.0269093	0	0
83.5	0.514573	-0.573006	0	0
84	0.140173	-0.877759	0	0
84.5	-0.297522	-0.819093	0	0
85	-0.629921	-0.470152	0	0
85.5	-0.75063	0.00128581	0	0
86	-0.635357	0.444692	0	0
86.5	-0.326977	0.750142	0	0
87	0.0800755	0.827653	0	0
87.5	0.452583	0.616802	0	0
88	0.649276	0.146615	0	0
88.5	0.580375	-0.412599	0	0
89	0.265907	-0.805662	0	0
89.5	-0.163375	-0.858358	0	0
90	-0.536294	-0.587806	0	0
90.5	-0.724754	-0.143649	0	0
91	-0.680508	0.31426	0	0
91.5	-0.427383	0.666287	0	0
92	-0.0442732	0.818546	0	0
92.5	0.347094	0.698838	0	0
93	0.605219	0.302574	0	0
93.5	0.619805	-0.244942	0	0
94	0.374572	-0.704795	0	0
94.5	-0.0304605	-0.865005	0	0
95	-0.42992	-0.683869	0	0
95.5	-0.678645	-0.281118	0	0
96	-0.704542	0.17981	0	0
96.5	-0.511345	0.568351	0	0
97	-0.161934	0.785719	0	0
97.5	0.234741	0.752068	0	0
98	0.541273	0.436836	0	0
98.5	0.633617	-0.0778397	0	0
99	0.463352	-0.581199	0	0
99.5	0.0966776	-0.839708	0	0
100	-0.314743	-0.75534	0	0
100.5	-0.614558	-0.407591	0	0
101	-0.707999	0.0444662	0	0
101.5	-0.577745	0.459641	0	0
102	-0.270042	0.732635	0	0
102.5	0.119745	0.778296	0	0
103	0.46149	0.546946	0	0
103.5	0.623486	0.0819587	0	0
104	0.530452	-0.441566	0	0
104.5	0.21397	-0.784605	0	0
105	-0.194821	-0.800051	0	0
105.5	-0.535112	-0.519654	0	0
106	-0.691825	-0.088704	0	0
106.5	-0.625956	0.343189	0	0
107	-0.366338	0.66259	0	0
107.5	0.00582587	0.779881	0	0
108	0.369929	0.631869	0	0
108.5	0.591792	0.228988	0	0
109	0.575076	-0.292749	0	0
109.5	0.317964	-0.703137	0	0
110	-0.0741962	-0.816856	0	0
110.5	-0.443236	-0.614138	0	0
111	-0.657344	-0.216645	0	0
111.5	-0.655779	0.221838	0	0
112	-0.449097	0.578661	0	0
112.5	-0.103816	0.75947	0	0
113	0.2705	0.69171	0	0
113.5	0.541411	0.359144	0	0
114	0.597343	-0.141325	0	0
114.5	0.405927	-0.599797	0	0
115	0.0432431	-0.805745	0	0
115.5	-0.342102	-0.688289	0	0
116	-0.606233	-0.336319	0	0
116.5	-0.667407	0.0983115	0	0
117	-0.517071	0.483705	0	0
117.5	-0.206487	0.71981	0	0
118	0.166851	0.727429	0	0
118.5	0.475519	0.469642	0	0
119	0.598175	0.00675604	0	0
119.5	0.475902	-0.479785	0	0
120	0.153902	-0.767881	0	0
120.5	-0.235046	-0.739939	0	0
121	-0.5405	-0.444748	0	0
121.5	-0.661389	-0.0247162	0	0
122	-0.569433	0.380381	0	0
122.5	-0.299974	0.66362	0	0
123	0.0622982	0.740585	0	0
123.5	0.397422	0.558893	0	0
124	0.579153	0.146408	0	0
124.5	0.526725	-0.34866	0	0
125	0.254599	-0.705532	0	0
125.5	-0.125463	-0.767666	0	0
126	-0.462446	-0.539109	0	0
126.5	-0.638612	-0.144588	0	0
127	-0.605738	0.271201	0	0
127.5	-0.382507	0.593519	0	0
128	-0.0402138	0.733111	0	0
128.5	0.310415	0.626321	0	0
129	0.542366	0.273546	0	0
129.5	0.557998	-0.211985	0	0
130	0.34267	-0.621923	0	0
130.5	-0.0167073	-0.770917	0	0
131	-0.374619	-0.616844	0	0
131.5	-0.600282	-0.258653	0	0
132	-0.625884	0.158577	0	0
132.5	-0.45272	0.511993	0	0
133	-0.138126	0.70715	0	0
133.5	0.217669	0.672169	0	0
134	0.490263	0.385119	0	0
134.5	0.57002	-0.075024	0	0
135	0.416035	-0.521018	0	0
135.5	0.0880241	-0.750068	0	0
136	-0.279758	-0.675798	0	0
136.5	-0.547903	-0.364289	0	0
137	-0.630092	0.044869	0	0
137.5	-0.509619	0.421398	0	0
138	-0.229262	0.664928	0	0
138.5	0.122159	0.697302	0	0
139	0.425508	0.479073	0	0
139.5	0.563707	0.0574942	0	0
140	0.47324	-0.407269	0	0
140.5	0.185793	-0.706429	0	0
141	-0.180719	-0.714349	0	0
141.5	-0.483258	-0.458957	0	0
142	-0.618885	-0.0675833	0	0
142.5	-0.552545	0.323976	0	0
143	-0.311813	0.608661	0	0
143.5	0.0266033	0.703028	0	0
144	0.35086	0.554254	0	0
144.5	0.540477	0.181542	0	0
145	0.513463	-0.285336	0	0
145.5	0.274017	-0.642171	0	0
146	-0.0803913	-0.731525	0	0
146.5	-0.408373	-0.540282	0	0
147	-0.593075	-0.176443	0	0
147.5	-0.581148	0.221886	0	0
148	-0.384313	0.540518	0	0
148.5	-0.0665627	0.690949	0	0
149	0.269065	0.610279	0	0
149.5	0.502143	0.293883	0	0
150	0.53649	-0.159834	0	0
150.5	0.350543	-0.560199	0	0
151	0.0183853	-0.727088	0	0
151.5	-0.325479	-0.606151	0	0
152	-0.553746	-0.279381	0	0
152.5	-0.595371	0.117234	0	0
153	-0.445621	0.462587	0	0
153.5	-0.155202	0.662833	0	0
154	0.18278	0.647393	0	0
154.5	0.450798	0.392092	0	0
155	0.542667	-0.0351092	0	0
155.5	0.413702	-0.463976	0	0
156	0.112913	-0.701566	0	0
156.5	-0.23696	-0.65482	0	0
157	-0.502243	-0.374111	0	0
157.5	-0.595428	0.0121061	0	0
158	-0.494898	0.376879	0	0
158.5	-0.237478	0.62053	0	0
159	0.0945078	0.66633	0	0
159.5	0.388708	0.474525	0	0
160	0.532829	0.0849389	0	0
160.5	0.462337	-0.357323	0	0
161	0.20072	-0.656249	0	0
161.5	-0.145292	-0.685019	0	0
162	-0.440144	-0.458432	0	0
162.5	-0.581798	-0.0914196	0	0
163	-0.53158	0.285342	0	0
163.5	-0.311846	0.565905	0	0
164	0.00655473	0.668178	0	0
164.5	0.318218	0.540248	0	0
165	0.50822	0.196979	0	0
165.5	0.495811	-0.244203	0	0
166	0.279634	-0.59312	0	0
166.5	-0.0529738	-0.696038	0	0
167	-0.369241	-0.530309	0	0
167.5	-0.555206	-0.191264	0	0
168	-0.555369	0.189876	0	0
168.5	-0.377041	0.500801	0	0
169	-0.0789959	0.654272	0	0
169.5	0.241675	0.588945	0	0
170	0.470406	0.298314	0	0
170.5	0.513985	-0.128532	0	0
171	0.347844	-0.514749	0	0
171.5	0.0375452	-0.687787	0	0
172	-0.291496	-0.587947	0	0
172.5	-0.516622	-0.285362	0	0
173	-0.566218	0.092354	0	0
173.5	-0.432066	0.427022	0	0
174	-0.160298	0.626098	0	0
174.5	0.161355	0.620808	0	0
175	0.421187	0.386904	0	0
175.5	0.517179	-0.0139933	0	0
176	0.403942	-0.424155	0	0
176.5	0.123937	-0.660822	0	0
177	-0.209002	-0.629884	0	0
177.5	-0.467239	-0.37169	0	0
178	-0.564315	-0.00535698	0	0
178.5	-0.476177	0.346327	0	0
179	-0.235749	0.585223	0	0
179.5	0.0794195	0.636435	0	0
180	0.362515	0.461339	0	0
180.5	0.506124	0.0960904	0	0
181	0.446951	-0.32464	0	0
181.5	0.204066	-0.616331	0	0
182	-0.123929	-0.655072	0	0
182.5	-0.408456	-0.448315	0	0
183	-0.550082	-0.10139	0	0
183.5	-0.508867	0.26044	0	0
184	-0.303985	0.533247	0	0
184.5	-0.00212226	0.636726	0	0
185	0.296416	0.520795	0	0
185.5	0.481896	0.198861	0	0
186	0.476324	-0.219627	0	0
186.5	0.276049	-0.556077	0	0
187	-0.0384682	-0.662943	0	0
187.5	-0.341858	-0.513454	0	0
188	-0.52416	-0.193878	0	0
188.5	-0.529859	0.171061	0	0
189	-0.363877	0.471773	0	0
189.5	-0.081441	0.622798	0	0
190	0.224926	0.564957	0	0
190.5	0.445844	0.291979	0	0
191	0.491937	-0.112496	0	0
191.5	0.338308	-0.482316	0	0
192	0.045231	-0.653462	0	0
192.5	-0.269182	-0.565542	0	0
193	-0.487405	-0.28097	0	0
193.5	-0.539095	0.0798768	0	0
194	-0.414523	0.402386	0	0
194.5	-0.1569	0.595913	0	0
195	0.150038	0.593942	0	0
195.5	0.399526	0.373644	0	0
196	0.494055	-0.00644677	0	0
196.5	0.389604	-0.39768	0	0
197	0.125121	-0.627141	0	0
197.5	-0.192278	-0.603309	0	0
198	-0.440872	-0.360854	0	0
198.5	-0.536727	-0.0114256	0	0
199	-0.455237	0.326651	0	0
199.5	-0.227062	0.557418	0	0
200	0.0736549	0.608216	0	0
200.5	0.344638	0.442584	0	0
201	0.483295	0.0956161	0	0
201.5	0.429064	-0.305048	0	0
202	0.199314	-0.585029	0	0
202.5	-0.113067	-0.62584	0	0
203	-0.385801	-0.431806	0	0
203.5	-0.523115	-0.101155	0	0
204	-0.485543	0.246115	0	0
204.5	-0.290692	0.508707	0	0
205	-0.00243819	0.608517	0	0
205.5	0.28295	0.498015	0	0
206	0.460575	0.191166	0	0
206.5	0.456182	-0.207407	0	0
207	0.266137	-0.52867	0	0
207.5	-0.0334917	-0.63264	0	0
208	-0.323595	-0.492233	0	0
208.5	-0.498816	-0.18762	0	0
209	-0.505165	0.162314	0	0
209.5	-0.346755	0.451191	0	0
210	-0.076601	0.595781	0	0
210.5	0.216255	0.539594	0	0
211	0.427057	0.278107	0	0
211.5	0.470812	-0.107725	0	0
212	0.324172	-0.460029	0	0
212.5	0.0445337	-0.623669	0	0
213	-0.255797	-0.540737	0	0
213.5	-0.464577	-0.269144	0	0
214	-0.514023	0.0767805	0	0
214.5	-0.394411	0.386281	0	0
215	-0.147352	0.571083	0	0
215.5	0.146321	0.567352	0	0
216	0.384091	0.354792	0	0
216.5	0.47315	-0.00883185	0	0
217	0.372292	-0.381405	0	0
217.5	0.119179	-0.59936	0	0
218	-0.184054	-0.576174	0	0
218.5	-0.421328	-0.344088	0	0
219	-0.512227	-0.00894677	0	0
219.5	-0.43301	0.315386	0	0
220	-0.213376	0.535594	0	0
220.5	0.0748512	0.581635	0	0
221	0.333159	0.420023	0	0
221.5	0.463698	0.0866783	0	0
222	0.40968	-0.295322	0	0
222.5	0.188746	-0.56061	0	0
223	-0.110078	-0.597713	0	0
223.5	-0.370165	-0.410891	0	0
224	-0.500071	-0.0933253	0	0
224.5	-0.462088	0.239906	0	0
225	-0.273532	0.490536	0	0
225.5	0.00345622	0.583033	0	0
226	0.275824	0.473024	0	0
226.5	0.44323	0.17652	0	0
227	0.435839	-0.204413	0	0
227.5	0.251714	-0.508748	0	0
228	-0.0356106	-0.604882	0	0
228.5	-0.312332	-0.468106	0	0
229	-0.47803	-0.174811	0	0
229.5	-0.481359	0.161242	0	0
230	-0.32685	0.437164	0	0
230.5	-0.0663697	0.572326	0	0
231	0.213678	0.513403	0	0
231.5	0.412739	0.258767	0	0
232	0.450586	-0.111316	0	0
232.5	0.306782	-0.445481	0	0
233	0.0376262	-0.597604	0	0
233.5	-0.249202	-0.514457	0	0
234	-0.446752	-0.251874	0	0
234.5	-0.490713	0.0807972	0	0
235	-0.372532	0.376748	0	0
235.5	-0.133264	0.550435	0	0
236	0.148309	0.541105	0	0
236.5	0.373397	0.331872	0	0
237	0.454038	-0.0185704	0	0
237.5	0.352893	-0.372815	0	0
238	0.107974	-0.576214	0	0
238.5	-0.182246	-0.548886	0	0
239	-0.407049	-0.323015	0	0
239.5	-0.490214	-1.92006e-05	0	0
240	-0.409946	0.310562	0	0
240.5	-0.196005	0.518376	0	0
241	0.0812566	0.556358	0	0
241.5	0.326505	0.394674	0	0
242	0.446587	0.0714703	0	0
242.5	0.389261	-0.29297	0	0
243	0.173883	-0.541457	0	0
243.5	-0.113003	-0.570606	0	0
244	-0.359885	-0.386803	0	0
244.5	-0.480092	-0.0797903	0	0
245	-0.438629	0.239885	0	0
245.5	-0.253519	0.477229	0	0
246	0.0139926	0.559621	0	0
246.5	0.273446	0.446382	0	0
247	0.428871	0.156702	0	0
247.5	0.415378	-0.208284	0	0
248	0.233949	-0.49446	0	0
248.5	-0.043044	-0.579142	0	0
249	-0.306366	-0.441905	0	0
249.5	-0.460741	-0.157098	0	0
250	-0.458278	0.166001	0	0
250.5	-0.304884	0.428117	0	0
251	-0.0521054	0.551538	0	0
251.5	0.215649	0.486546	0	0
252	0.401735	0.235319	0	0
252.5	0.431011	-0.121123	0	0
253	0.286954	-0.436691	0	0
253.5	0.0260683	-0.574363	0	0
254	-0.247714	-0.487135	0	0
254.5	-0.432714	-0.230532	0	0
255	-0.46875	0.090201	0	0
255.5	-0.349327	0.372185	0	0
256	-0.115768	0.532891	0	0
256.5	0.154546	0.515023	0	0
257	0.366191	0.305842	0	0
257.5	0.436197	-0.0337866	0	0
258	0.331889	-0.3699	0	0
258.5	0.0928163	-0.556499	0	0
259	-0.185248	-0.521494	0	0
259.5	-0.396717	-0.298713	0	0
260	-0.470058	0.0137836	0	0
260.5	-0.386228	0.310596	0	0
261	-0.175848	0.504562	0	0
261.5	0.0915433	0.531932	0	0
262	0.323382	0.367122	0	0
262.5	0.431225	0.0515608	0	0
263	0.367979	-0.296042	0	0
263.5	0.155768	-0.526143	0	0
264	-0.120354	-0.544215	0	0
264.5	-0.353595	-0.360314	0	0
265	-0.462369	-0.061943	0	0
265.5	-0.415114	0.244521	0	0
266	-0.231322	0.467507	0	0
266.5	0.027997	0.537611	0	0
267	0.274536	0.418341	0	0
267.5	0.416605	0.132958	0	0
268	0.394694	-0.217202	0	0
268.5	0.213612	-0.484235	0	0
269	-0.0544583	-0.554805	0	0
269.5	-0.304326	-0.414093	0	0
270	-0.446002	-0.135668	0	0
270.5	-0.435659	0.175143	0	0
271	-0.281302	0.422733	0	0
271.5	-0.0348115	0.532577	0	0
272	0.220938	0.458987	0	0
272.5	0.393046	0.208692	0	0
273	0.411748	-0.13551	0	0
273.5	0.265192	-0.432028	0	0
274	0.0110113	-0.553068	0	0
274.5	-0.249999	-0.458932	0	0
275	-0.42142	-0.206087	0	0
275.5	-0.447685	0.103653	0	0
276	-0.325033	0.371277	0	0
276.5	-0.0956899	0.517489	0	0
277	0.163888	0.488827	0	0
277.5	0.361418	0.277325	0	0
278	0.419099	-0.0530703	0	0
278.5	0.309531	-0.371037	0	0
279	0.074656	-0.53913	0	0
279.5	-0.191797	-0.493872	0	0
280	-0.389229	-0.271916	0	0
280.5	-0.451155	0.0312553	0	0
281	-0.361895	0.314199	0	0
281.5	-0.153548	0.493109	0	0
282	0.104677	0.507878	0	0
282.5	0.322721	0.337711	0	0
283	0.416932	0.0281159	0	0
283.5	0.345857	-0.302984	0	0
284	0.135142	-0.513439	0	0
284.5	-0.130974	-0.518156	0	0
285	-0.350166	-0.331919	0	0
285.5	-0.446175	-0.0408383	0	0
286	-0.391403	0.252579	0	0
286.5	-0.207404	0.460282	0	0
287	0.0445627	0.516364	0	0
287.5	0.278047	0.388995	0	0
288	0.405645	0.106204	0	0
288.5	0.373608	-0.229729	0	0
289	0.191233	-0.476759	0	0
289.5	-0.068826	-0.531258	0	0
290	-0.305093	-0.384926	0	0
290.5	-0.432989	-0.11141	0	0
291	-0.413205	0.187508	0	0
291.5	-0.256396	0.419907	0	0
292	-0.0152566	0.514686	0	0
292.5	0.228549	0.430601	0	0
293	0.385817	0.179551	0	0
293.5	0.392445	-0.153198	0	0
294	0.241822	-0.430144	0	0
294.5	-0.00666519	-0.53292	0	0
295	-0.254977	-0.429873	0	0
295.5	-0.411979	-0.179246	0	0
296	-0.427086	0.120091	0	0
296.5	-0.299776	0.372925	0	0
297	-0.073653	0.503386	0	0
297.5	0.175414	0.46221	0	0
298	0.35819	0.246753	0	0
298.5	0.402248	-0.07532	0	0
299	0.285955	-0.374898	0	0
299.5	0.0542129	-0.523162	0	0
300	-0.200881	-0.465831	0	0
300.5	-0.383657	-0.243147	0	0
301	-0.432958	0.0514454	0	0
301.5	-0.336922	0.320307	0	0
302	-0.129584	0.48312	0	0
302.5	0.11983	0.483738	0	0
303	0.323631	0.306656	0	0
303.5	0.403108	0.00204294	0	0
304	0.322852	-0.312532	0	0
304.5	0.112559	-0.502297	0	0
305	-0.143938	-0.49204	0	0
305.5	-0.348661	-0.301951	0	0
306	-0.43087	-0.0173008	0	0
306.5	-0.367333	0.263046	0	0
307	-0.182103	0.454624	0	0
307.5	0.0629642	0.495303	0	0
308	0.283109	0.358365	0	0
308.5	0.395311	0.0771466	0	0
309	0.351923	-0.2447	0	0
309.5	0.167202	-0.470926	0	0
310	-0.0853293	-0.507946	0	0
310.5	-0.307743	-0.354552	0	0
311	-0.420996	-0.0850123	0	0
311.5	-0.390632	0.202151	0	0
312	-0.230363	0.418704	0	0
312.5	0.00594562	0.497197	0	0
313	0.23766	0.40124	0	0
313.5	0.37932	0.148411	0	0
314	0.372774	-0.173146	0	0
314.5	0.217075	-0.429917	0	0
315	-0.0262626	-0.51322	0	0
315.5	-0.261763	-0.399928	0	0
316	-0.403639	-0.150554	0	0
316.5	-0.406562	0.13865	0	0
317	-0.273625	0.376209	0	0
317.5	-0.0501554	0.489852	0	0
318	0.188363	0.434879	0	0
318.5	0.355754	0.214454	0	0
319	0.385211	-0.0996391	0	0
319.5	0.261239	-0.380383	0	0
320	0.0320585	-0.507788	0	0
320.5	-0.21167	-0.437171	0	0
321	-0.379224	-0.212802	0	0
321.5	-0.414991	0.0735822	0	0
322	-0.31126	0.328027	0	0
322.5	-0.104339	0.473819	0	0
323	0.136313	0.459102	0	0
323.5	0.32536	0.274112	0	0
324	0.389232	-0.0259155	0	0
324.5	0.298908	-0.323636	0	0
325	0.0884607	-0.491835	0	0
325.5	-0.158488	-0.46552	0	0
326	-0.348295	-0.270658	0	0
326.5	-0.415908	0.00800093	0	0
327	-0.342748	0.275072	0	0
327.5	-0.155684	0.449739	0	0
328	0.0825991	0.473924	0	0
328.5	0.288991	0.326451	0	0
329	0.385022	0.0463722	0	0
329.5	0.329461	-0.261145	0	0
330	0.141829	-0.465808	0	0
330.5	-0.103295	-0.484385	0	0
331	-0.311506	-0.32307	0	0
331.5	-0.409422	-0.0570324	0	0
332	-0.367685	0.218281	0	0
332.5	-0.203362	0.418324	0	0
333	0.0282832	0.479532	0	0
333.5	0.247573	0.370768	0	0
334	0.372933	0.1157	0	0
334.5	0.352452	-0.194482	0	0
335	0.191132	-0.430408	0	0
335.5	-0.0472028	-0.493378	0	0
336	-0.269615	-0.369054	0	0
336.5	-0.395762	-0.120453	0	0
337	-0.385777	0.158606	0	0
337.5	-0.246635	0.380341	0	0
338	-0.0256157	0.476254	0	0
338.5	0.202088	0.406581	0	0
339	0.353471	0.180707	0	0
339.5	0.367615	-0.125268	0	0
340	0.235447	-0.386564	0	0
340.5	0.00867004	-0.492332	0	0
341	-0.223467	-0.407721	0	0
341.5	-0.375271	-0.181203	0	0
342	-0.396845	0.0970189	0	0
342.5	-0.284865	0.336598	0	0
343	-0.0781351	0.464543	0	0
343.5	0.153542	0.433619	0	0
344	0.327268	0.240219	0	0
344.5	0.374865	-0.0551212	0	0
345	0.273979	-0.335409	0	0
345.5	0.0632195	-0.481314	0	0
346	-0.173986	-0.438302	0	0
346.5	-0.348407	-0.238243	0	0
347	-0.400824	0.0345042	0	0
347.5	-0.317517	0.287935	0	0
348	-0.12838	0.444944	0	0
348.5	0.102949	0.451796	0	0
349	0.295066	0.293266	0	0
349.5	0.374288	0.0143933	0	0
350	0.306077	-0.278234	0	0
350.5	0.115383	-0.460632	0	0
351	-0.122152	-0.46018	0	0
351.5	-0.31573	-0.290568	0	0
352	-0.39776	-0.0279434	0	0
352.5	-0.344156	0.235219	0	0
353	-0.175534	0.418083	0	0
353.5	0.0513101	0.461198	0	0
354	0.257691	0.339085	0	0
354.5	0.366133	0.0818058	0	0
355	0.331247	-0.216451	0	0
355.5	0.164164	-0.430826	0	0
356	-0.068988	-0.472909	0	0
356.5	-0.277904	-0.337228	0	0
357	-0.387811	-0.0893233	0	0
357.5	-0.364453	0.179337	0	0
358	-0.218861	0.384645	0	0
358.5	-0.000404301	0.462056	0	0
359	0.216028	0.377118	0	0
359.5	0.350797	0.145778	0	0
360	0.349159	-0.151539	0	0
360.5	0.208652	-0.392659	0	0
361	-0.015534	-0.476238	0	0
361.5	-0.235678	-0.37735	0	0
362	-0.371245	-0.148637	0	0
362.5	-0.378186	0.121197	0	0
363	-0.257716	0.345362	0	0
363.5	-0.0512678	0.454722	0	0
364	0.171001	0.407004	0	0
364.5	0.328806	0.205129	0	0
365	0.359645	-0.085001	0	0
365.5	0.248047	-0.347091	0	0
366	0.0371722	-0.470126	0	0
366.5	-0.189879	-0.410163	0	0
367	-0.348437	-0.204897	0	0
367.5	-0.385235	0.0617177	0	0
368	-0.291543	0.301006	0	0
368.5	-0.10041	0.439652	0	0
369	0.123553	0.428565	0	0
369.5	0.300795	0.258855	0	0
370	0.362703	-0.0183161	0	0
370.5	0.281673	-0.295249	0	0
371	0.0881189	-0.45475	0	0
371.5	-0.141399	-0.435022	0	0
372	-0.319861	-0.257143	0	0
372.5	-0.385589	0.00183509	0	0
373	-0.319883	0.252376	0	0
373.5	-0.147024	0.417387	0	0
374	0.0746233	0.441787	0	0
374.5	0.267491	0.306138	0	0
375	0.358481	0.0471024	0	0
375.5	0.308991	-0.238387	0	0
376	0.136342	-0.430506	0	0
376.5	-0.0911753	-0.45143	0	0
377	-0.286091	-0.304457	0	0
377.5	-0.379338	-0.0575092	0	0
378	-0.342372	0.200299	0	0
378.5	-0.190379	0.388531	0	0
379	0.0251361	0.446803	0	0
379.5	0.229689	0.34635	0	0
380	0.347274	0.109942	0	0
380.5	0.329609	-0.177849	0	0
381	0.180949	-0.397998	0	0
381.5	-0.0401721	-0.459061	0	0
382	-0.247786	-0.345983	0	0
382.5	-0.36668	-0.115371	0	0
383	-0.358744	0.145619	0	0
383.5	-0.22982	0.353745	0	0
384	-0.0240175	0.443873	0	0
384.5	0.188232	0.379045	0	0
385	0.329505	0.16902	0	0
385.5	0.343288	-0.115023	0	0
386	0.221134	-0.358025	0	0
386.5	0.0106364	-0.457777	0	0
387	-0.205684	-0.380948	0	0
387.5	-0.34791	-0.170813	0	0
388	-0.36883	0.0891991	0	0
388.5	-0.264774	0.313732	0	0
389	-0.0719906	0.43336	0	0
389.5	0.14399	0.403954	0	0
390	0.305708	0.223306	0	0
390.5	0.349938	-0.0513008	0	0
391	0.256201	-0.311555	0	0
391.5	0.0602885	-0.447635	0	0
392	-0.16059	-0.408684	0	0
392.5	-0.323424	-0.222915	0	0
393	-0.372564	0.0319179	0	0
393.5	-0.294758	0.269228	0	0
394	-0.11799	0.415722	0	0
394.5	0.0978474	0.420968	0	0
395	0.276513	0.271932	0	0
395.5	0.349615	0.0119653	0	0
396	0.285572	-0.259691	0	0
396.5	0.107855	-0.428895	0	0
397	-0.11336	-0.428651	0	0
397.5	-0.293709	-0.27079	0	0
398	-0.369973	-0.025337	0	0
398.5	-0.319373	0.220999	0	0
399	-0.161287	0.391487	0	0
399.5	0.0506781	0.430124	0	0
400	0.242628	0.314204	0	0
400.5	0.342516	0.0734941	0	0
401	0.308801	-0.203643	0	0
401.5	0.152461	-0.402016	0	0
402	-0.0648855	-0.440458	0	0
402.5	-0.259339	-0.3136	0	0
403	-0.361186	-0.0816725	0	0
403.5	-0.338315	0.169834	0	0
404	-0.201219	0.361241	0	0
404.5	0.00333803	0.43159	0	0
405	0.204814	0.349599	0	0
405.5	0.328965	0.132108	0	0
406	0.325579	-0.144684	0	0
406.5	0.193303	-0.367643	0	0
407	-0.0160782	-0.443876	0	0
407.5	-0.220969	-0.350572	0	0
408	-0.346427	-0.136197	0	0
408.5	-0.351368	0.11654	0	0
409	-0.2372	0.325622	0	0
409.5	-0.0433507	0.425641	0	0
410	0.163872	0.37776	0	0
410.5	0.309399	0.186756	0	0
411	0.335737	-0.0841138	0	0
411.5	0.229666	-0.326592	0	0
412	0.0321512	-0.438857	0	0
412.5	-0.179318	-0.381022	0	0
413	-0.326013	-0.188031	0	0
413.5	-0.358412	0.061941	0	0
414	-0.268721	0.285304	0	0
414.5	-0.0886096	0.412649	0	0
415	0.120626	0.398486	0	0
415.5	0.284353	0.236529	0	0
416	0.339246	-0.0232201	0	0
416.5	0.260941	-0.27982	0	0
417	0.0789105	-0.425537	0	0
417.5	-0.135165	-0.404374	0	0
418	-0.300353	-0.236316	0	0
418.5	-0.359416	0.00687552	0	0
419	-0.295355	0.240994	0	0
419.5	-0.131713	0.393065	0	0
420	0.0759018	0.411722	0	0
420.5	0.254447	0.280675	0	0
421	0.336208	0.0367553	0	0
421.5	0.286633	-0.228404	0	0
422	0.123346	-0.404236	0	0
422.5	-0.0893313	-0.420179	0	0
423	-0.26994	-0.280233	0	0
423.5	-0.354444	-0.0478117	0	0
424	-0.316757	0.193426	0	0
424.5	-0.171995	0.367404	0	0
425	0.030518	0.417542	0	0
425.5	0.220364	0.318596	0	0
426	0.326851	0.0946475	0	0
426.5	0.306372	-0.1735	0	0
427	0.164659	-0.375456	0	0
427.5	-0.0426646	-0.428132	0	0
428	-0.235345	-0.319015	0	0
428.5	-0.343652	-0.101273	0	0
429	-0.332671	0.143354	0	0
429.5	-0.208855	0.336237	0	0
430	-0.0147302	0.416135	0	0
430.5	0.182833	0.349855	0	0
431	0.311518	0.149394	0	0
431.5	0.319916	-0.116312	0	0
432	0.202125	-0.339866	0	0
432.5	0.00397563	-0.428087	0	0
433	-0.19721	-0.351966	0	0
433.5	-0.327285	-0.152666	0	0
434	-0.342924	0.0915542	0	0
434.5	-0.241765	0.300176	0	0
435	-0.0590807	0.407789	0	0
435.5	0.142617	0.374163	0	0
436	0.290654	0.200054	0	0
436.5	0.327153	-0.0580552	0	0
437	0.235107	-0.298284	0	0
437.5	0.0497367	-0.420066	0	0
438	-0.156238	-0.378481	0	0
438.5	-0.305674	-0.201164	0	0
439	-0.347431	0.038814	0	0
439.5	-0.270268	0.259873	0	0
440	-0.101815	0.392876	0	0
440.5	0.100492	0.391373	0	0
441	0.26479	0.245823	0	0
441.5	0.328097	7.43271e-05	0	0
442	0.26307	-0.251651	0	0
442.5	0.0937898	-0.404265	0	0
443	-0.113178	-0.398064	0	0
443.5	-0.279237	-0.245968	0	0
444	-0.346197	-0.0140664	0	0
444.5	-0.293986	0.216005	0	0
445	-0.142264	0.37184	0	0
445.5	0.0572364	0.40147	0	0
446	0.234529	0.286039	0	0
446.5	0.322886	0.0569346	0	0
447	0.285589	-0.201007	0	0
447.5	0.135348	-0.381049	0	0
448	-0.0688167	-0.410341	0	0
448.5	-0.248465	-0.286318	0	0
449	-0.33931	-0.0662812	0	0
449.5	-0.31262	0.169278	0	0
450	-0.179818	0.345183	0	0
450.5	0.0136166	0.404553	0	0
451	0.200529	0.320186	0	0
451.5	0.311772	0.111461	0	0
452	0.302354	-0.147454	0	0
452.5	0.173681	-0.350947	0	0
453	-0.0239593	-0.415081	0	0
453.5	-0.213926	-0.321515	0	0
454	-0.326949	-0.117026	0	0
454.5	-0.325952	0.120417	0	0
455	-0.21393	0.313458	0	0
455.5	-0.0296251	0.400829	0	0
456	0.16349	0.347893	0	0
456.5	0.295107	0.162691	0	0
457	0.313179	-0.0921304	0	0
457.5	0.208133	-0.314641	0	0
458	0.0205833	-0.412205	0	0
458.5	-0.176246	-0.350931	0	0
459	-0.309372	-0.165503	0	0
459.5	-0.333845	0.0701644	0	0
460	-0.244117	0.277257	0	0
460.5	-0.0717796	0.390589	0	0
461	0.124136	0.368926	0	0
461.5	0.273338	0.209776	0	0
462	0.317995	-0.0361748	0	0
462.5	0.238134	-0.27294	0	0
463	0.064012	-0.401791	0	0
463.5	-0.136107	-0.374029	0	0
464	-0.286923	-0.210937	0	0
464.5	-0.336246	0.0192767	0	0
465	-0.269971	0.237206	0	0
465.5	-0.11218	0.374205	0	0
466	0.0832021	0.38318	0	0
466.5	0.246987	0.251998	0	0
467	0.316853	0.0193025	0	0
467.5	0.26321	-0.226762	0	0
468	0.105555	-0.384079	0	0
468.5	-0.0942297	-0.39038	0	0
469	-0.260019	-0.252581	0	0
469.5	-0.333183	-0.0314813	0	0
470	-0.291155	0.19396	0	0
470.5	-0.150208	0.352111	0	0
471	0.0414219	0.390669	0	0
471.5	0.21664	0.28877	0	0
472	0.309916	0.0732462	0	0
472.5	0.282995	-0.177108	0	0
473	0.144485	-0.359467	0	0
473.5	-0.0513666	-0.399678	0	0
474	-0.229153	-0.289733	0	0
474.5	-0.324769	-0.0813411	0	0
475	-0.307405	0.148196	0	0
475.5	-0.1853	0.324796	0	0
476	-0.000484912	0.391512	0	0
476.5	0.18293	0.319644	0	0
477	0.297449	0.12468	0	0
477.5	0.297232	-0.125028	0	0
478	0.180133	-0.328501	0	0
478.5	-0.00828266	-0.401753	0	0
479	-0.194879	-0.32175	0	0
479.5	-0.311196	-0.129538	0	0
480	-0.318539	0.100613	0	0
480.5	-0.216955	0.292797	0	0
481	-0.0418225	0.385925	0	0
481.5	0.146527	0.3443	0	0
482	0.279813	0.172725	0	0
482.5	0.305775	-0.0715973	0	0
483	0.211902	-0.291863	0	0
483.5	0.0342565	-0.396577	0	0
484	-0.157809	-0.348066	0	0
484.5	-0.292734	-0.175318	0	0
485	-0.324449	0.0519231	0	0
485.5	-0.244734	0.256685	0	0
486	-0.0819283	0.374203	0	0
486.5	0.108121	0.362549	0	0
487	0.257448	0.216612	0	0
487.5	0.308593	-0.0178829	0	0
488	0.239279	-0.25035	0	0
488.5	0.0755009	-0.384275	0	0
489	-0.118603	-0.368204	0	0
489.5	-0.269732	-0.21795	0	0
490	-0.325106	0.0028527	0	0
490.5	-0.268265	0.217065	0	0
491	-0.120181	0.356711	0	0
491.5	0.0684069	0.374319	0	0
492	0.230867	0.255696	0	0
492.5	0.305763	0.03508	0	0
493	0.261845	-0.204853	0	0
493.5	0.114731	-0.365119	0	0
494	-0.077954	-0.381795	0	0
494.5	-0.242607	-0.256737	0	0
495	-0.32056	-0.0458664	0	0
495.5	-0.287247	0.174567	0	0
496	-0.156006	0.333876	0	0
496.5	0.0280797	0.379645	0	0
497	0.200636	0.289452	0	0
497.5	0.297465	0.0863135	0	0
498	0.279279	-0.156331	0	0
498.5	0.151272	-0.339529	0	0
499	-0.0365808	-0.388588	0	0
499.5	-0.211846	-0.291027	0	0
500	-0.310939	-0.0935004	0	0
500.5	-0.301449	0.129846	0	0
501	-0.188882	0.306173	0	0
501.5	-0.0121829	0.378661	0	0
502	0.167366	0.317486	0	0
502.5	0.283976	0.134917	0	0
503	0.291367	-0.105785	0	0
503.5	0.184507	-0.308059	0	0
504	0.00478935	-0.388463	0	0
504.5	-0.177993	-0.320232	0	0
505	-0.296448	-0.139322	0	0
505.5	-0.310715	0.0835728	0	0
506	-0.218345	0.274121	0	0
506.5	-0.0517268	0.371587	0	0
507	0.131697	0.339523	0	0
507.5	0.265655	0.180086	0	0
508	0.298001	-0.0542298	0	0
508.5	0.213893	-0.271385	0	0
509	0.045433	-0.381435	0	0
509.5	-0.141641	-0.343838	0	0
510	-0.277364	-0.182616	0	0
510.5	-0.314962	0.0364338	0	0
511	-0.243994	0.238273	0	0
511.5	-0.0899307	0.358718	0	0
512	0.0942855	0.355407	0	0
512.5	0.242939	0.221117	0	0
513	0.299175	-0.00266907	0	0
513.5	0.238965	-0.230288	0	0
514	0.0846448	-0.367663	0	0
514.5	-0.103429	-0.361421	0	0
515	-0.254038	-0.222696	0	0
515.5	-0.314182	-0.0108745	0	0
516	-0.26549	0.199215	0	0
516.5	-0.126213	0.340415	0	0
517	0.0557941	0.365091	0	0
517.5	0.216325	0.257426	0	0
518	0.294988	0.0479299	0	0
518.5	0.259348	-0.185627	0	0
519	0.121752	-0.347445	0	0
519.5	-0.0640224	-0.372663	0	0
520	-0.226886	-0.258907	0	0
520.5	-0.308443	-0.0576504	0	0
521	-0.282561	0.157555	0	0
521.5	-0.160038	0.317093	0	0
522	0.0168793	0.368627	0	0
522.5	0.186363	0.288542	0	0
523	0.285632	0.0966577	0	0
523.5	0.274764	-0.138324	0	0
524	0.156126	-0.321212	0	0
524.5	-0.0241077	-0.377358	0	0
525	-0.196384	-0.290646	0	0
525.5	-0.297883	-0.103193	0	0
526	-0.295004	0.113923	0	0
526.5	-0.19092	0.289215	0	0
527	-0.021818	0.366159	0	0
527.5	0.15364	0.314113	0	0
528	0.271388	0.142681	0	0
528.5	0.285032	-0.0893295	0	0
529	0.1872	-0.289521	0	0
529.5	0.0156232	-0.375429	0	0
530	-0.163064	-0.31737	0	0
530.5	-0.282717	-0.146809	0	0
531	-0.302687	0.0689665	0	0
531.5	-0.21843	0.257284	0	0
532	-0.0596811	0.35791	0	0
532.5	0.118768	0.3339	0	0
533	0.252615	0.185255	0	0
533.5	0.290072	-0.0396047	0	0
534	0.214471	-0.253038	0	0
534.5	0.0544854	-0.366925	0	0
535	-0.127503	-0.338612	0	0
535.5	-0.263226	-0.187823	0	0
536	-0.305547	0.0233469	0	0
536.5	-0.242197	0.221835	0	0
537	-0.096125	0.344172	0	0
537.5	0.082374	0.347776	0	0
538	0.22974	0.223738	0	0
538.5	0.289902	0.00990566	0	0
539	0.23752	-0.212522	0	0
539.5	0.0918144	-0.352032	0	0
540	-0.0903156	-0.353996	0	0
540.5	-0.23976	-0.225583	0	0
541	-0.303592	-0.022267	0	0
541.5	-0.261911	0.183434	0	0
542	-0.130604	0.3253	0	0
542.5	0.0450879	0.355712	0	0
543	0.203248	0.257594	0	0
543.5	0.284633	0.058295	0	0
544	0.25601	-0.168805	0	0
544.5	0.126979	-0.331062	0	0
545	-0.0521428	-0.363244	0	0
545.5	-0.212729	-0.259478	0	0
546	-0.296902	-0.0672021	0	0
546.5	-0.277326	0.14267	0	0
547	-0.162615	0.301697	0	0
547.5	0.0075333	0.357774	0	0
548	0.173669	0.286397	0	0
548.5	0.274468	0.104714	0	0
549	0.269695	-0.122766	0	0
549.5	0.159394	-0.304456	0	0
550	-0.01364	-0.366193	0	0
550.5	-0.182602	-0.288945	0	0
551	-0.285627	-0.110788	0	0
551.5	-0.288263	0.10015	0	0
552	-0.191705	0.273815	0	0
552.5	-0.0296825	0.35411	0	0
553	0.141568	0.309832	0	0
553.5	0.259688	0.148387	0	0
554	0.278424	-0.0753119	0	0
554.5	0.188532	-0.272766	0	0
555	0.0245341	-0.362797	0	0
555.5	-0.149896	-0.313485	0	0
556	-0.269986	-0.152364	0	0
556.5	-0.294608	0.0564999	0	0
557	-0.217475	0.24214	0	0
557.5	-0.065976	0.344945	0	0
558	0.10753	0.32769	0	0
558.5	0.240649	0.188625	0	0
559	0.28214	-0.0273538	0	0
559.5	0.213931	-0.236646	0	0
560	0.0617301	-0.353133	0	0
560.5	-0.115172	-0.332671	0	0
561	-0.250261	-0.191288	0	0
561.5	-0.296315	0.0123556	0	0
562	-0.23958	0.207191	0	0
562.5	-0.100795	0.330568	0	0
563	0.0721562	0.339863	0	0
563.5	0.217768	0.224834	0	0
564	0.280878	0.0202174	0	0
564.5	0.235206	-0.196832	0	0
565	0.0973208	-0.337406	0	0
565.5	-0.0790202	-0.346167	0	0
566	-0.226801	-0.226946	0	0
566.5	-0.293406	-0.0316388	0	0
567	-0.257736	0.169516	0	0
567.5	-0.133625	0.311323	0	0
568	0.0360461	0.346339	0	0
568.5	0.191516	0.256522	0	0
569	0.274759	0.0665491	0	0
569.5	0.252055	-0.154125	0	0
570	0.130713	-0.31594	0	0
570.5	-0.0420574	-0.353732	0	0
571	-0.20001	-0.258762	0	0
571.5	-0.285972	-0.0748377	0	0
572	-0.271719	0.129683	0	0
572.5	-0.163993	0.287607	0	0
573	-0.000206967	0.347193	0	0
573.5	0.162404	0.283301	0	0
574	0.263991	0.110845	0	0
574.5	0.264259	-0.109367	0	0
575	0.161358	-0.289176	0	0
575.5	-0.00491057	-0.355236	0	0
576	-0.170345	-0.286212	0	0
576.5	-0.274168	-0.116599	0	0
577	-0.281368	0.0882814	0	0
577.5	-0.191474	0.259856	0	0
578	-0.036026	0.342576	0	0
578.5	0.130975	0.304884	0	0
579	0.248855	0.152381	0	0
579.5	0.271692	-0.0634237	0	0
580	0.188764	-0.257662	0	0
580.5	0.0317927	-0.350659	0	0
581	-0.13831	-0.308832	0	0
581.5	-0.258217	-0.156292	0	0
582	-0.286587	0.0459132	0	0
582.5	-0.215694	0.228543	0	0
583	-0.0708575	0.332712	0	0
583.5	0.0977926	0.321087	0	0
584	0.2297	0.190515	0	0
584.5	0.274314	-0.0171577	0	0
585	0.212506	-0.222034	0	0
585.5	0.0674357	-0.3401	0	0
586	-0.104447	-0.326234	0	0
586.5	-0.238401	-0.193307	0	0
587	-0.287343	0.00319217	0	0
587.5	-0.236333	0.194171	0	0
588	-0.104178	0.317884	0	0
588.5	0.0634285	0.33182	0	0
589	0.206934	0.224696	0	0
589.5	0.272171	0.0285875	0	0
590	0.232229	-0.183007	0	0
590.5	0.101425	-0.323778	0	0
591	-0.0693266	-0.338115	0	0
591.5	-0.215064	-0.227062	0	0
592	-0.28367	-0.0392618	0	0
592.5	-0.253128	0.157269	0	0
593	-0.135502	0.298431	0	0
593.5	0.028457	0.337082	0	0
594	0.181013	0.254468	0	0
594.5	0.265396	0.0730081	0	0
595	0.247657	-0.14135	0	0
595.5	0.1332	-0.302024	0	0
596	-0.0335401	-0.344266	0	0
596.5	-0.188604	-0.257015	0	0
597	-0.275664	-0.0808282	0	0
597.5	-0.265873	0.118388	0	0
598	-0.164382	0.274737	0	0
598.5	-0.00655644	0.336953	0	0
599	0.152429	0.279473	0	0
599.5	0.254196	0.115355	0	0
600	0.258597	-0.0978709	0	0
600.5	0.162248	-0.275277	0	0
601	0.00231205	-0.344582	0	0
601.5	-0.159465	-0.282675	0	0
602	-0.263488	-0.120892	0	0
602.5	-0.274425	0.0780963	0	0
603	-0.190418	0.247226	0	0
603.5	-0.0410622	0.331587	0	0
604	0.121706	0.299453	0	0
604.5	0.238851	0.154949	0	0
605	0.264942	-0.0533942	0	0
605.5	0.188108	-0.244073	0	0
606	0.0376308	-0.339068	0	0
606.5	-0.128139	-0.303612	0	0
607	-0.247363	-0.158851	0	0
607.5	-0.278701	0.0369773	0	0
608	-0.213259	0.216356	0	0
608.5	-0.074534	0.321205	0	0
609	0.0893838	0.31424	0	0
609.5	0.219703	0.191188	0	0
610	0.266665	-0.0087406	0	0
610.5	0.210384	-0.209035	0	0
611	0.0718295	-0.327839	0	0
611.5	-0.0951478	-0.319469	0	0
612	-0.227571	-0.194123	0	0
612.5	-0.27868	-0.00437741	0	0
613	-0.232605	0.182616	0	0
613.5	-0.106475	0.306086	0	0
614	0.0560107	0.323758	0	0
614.5	0.197147	0.223559	0	0
615	0.263824	0.0352904	0	0
615.5	0.228748	-0.170852	0	0
616	0.104345	-0.31112	0	0
616.5	-0.0610431	-0.329974	0	0
617	-0.204451	-0.226158	0	0
617.5	-0.274403	-0.0453707	0	0
618	-0.248212	0.146518	0	0
618.5	-0.136423	0.286558	0	0
619	0.0221357	0.328016	0	0
619.5	0.171625	0.251637	0	0
620	0.256555	0.0779386	0	0
620.5	0.242949	-0.130266	0	0
621	0.134649	-0.289248	0	0
621.5	-0.0263927	-0.334943	0	0
622	-0.178391	-0.254443	0	0
622.5	-0.265973	-0.0854059	0	0
623	-0.259891	0.108596	0	0
623.5	-0.163955	0.262996	0	0
624	-0.0117007	0.327096	0	0
624.5	0.143615	0.275091	0	0
625	0.245065	0.118497	0	0
625.5	0.252814	-0.0880481	0	0
626	0.162256	-0.262656	0	0
626.5	0.00822813	-0.334295	0	0
627	-0.149826	-0.278517	0	0
627.5	-0.253554	-0.123893	0	0
628	-0.267513	0.0693988	0	0
628.5	-0.188694	0.235811	0	0
629	-0.044974	0.321155	0	0
629.5	0.113617	0.293681	0	0
630	0.229632	0.156326	0	0
630.5	0.25825	-0.0449871	0	0
631	0.186735	-0.23187	0	0
631.5	0.0422469	-0.328051	0	0
632	-0.119231	-0.297981	0	0
632.5	-0.237369	-0.160256	0	0
633	-0.271004	0.0294907	0	0
633.5	-0.210308	0.205448	0	0
634	-0.0771824	0.310408	0	0
634.5	0.0821512	0.307259	0	0
635	0.210587	0.190859	0	0
635.5	0.259242	-0.00186439	0	0
636	0.207715	-0.197493	0	0
636.5	0.0751046	-0.316338	0	0
637	-0.0871121	-0.312506	0	0
637.5	-0.217696	-0.193939	0	0
638	-0.270354	-0.0105569	0	0
638.5	-0.228516	0.172381	0	0
639	-0.107852	0.295129	0	0
639.5	0.0497441	0.315757	0	0
640	0.188317	0.221613	0	0
640.5	0.255856	0.0405604	0	0
641	0.224892	-0.160192	0	0
641.5	0.106266	-0.299389	0	0
642	-0.0540005	-0.321843	0	0
642.5	-0.194866	-0.22442	0	0
643	-0.265611	-0.0501684	0	0
643.5	-0.243088	0.137106	0	0
644	-0.136544	0.275637	0	0
644.5	0.0169212	0.31919	0	0
645	0.163249	0.248193	0	0
645.5	0.248229	0.0815661	0	0
646	0.238036	-0.12068	0	0
646.5	0.13523	-0.277538	0	0
647	-0.0204422	-0.325833	0	0
647.5	-0.169261	-0.251214	0	0
648	-0.256881	-0.0887697	0	0
648.5	-0.253851	0.10014	0	0
649	-0.162857	0.252296	0	0
649.5	-0.0157999	0.317645	0	0
650	0.135841	0.270289	0	0
650.5	0.236569	0.120484	0	0
651	0.246988	-0.079697	0	0
651.5	0.161538	-0.251212	0	0
652	0.0130108	-0.324412	0	0
652.5	-0.141302	-0.273886	0	0
653	-0.244329	-0.125794	0	0
653.5	-0.260685	0.0620154	0	0
654	-0.186431	0.225506	0	0
654.5	-0.0479178	0.311275	0	0
655	0.106578	0.28768	0	0
655.5	0.221146	0.156707	0	0
656	0.251669	-0.0379963	0	0
656.5	0.184784	-0.220925	0	0
657	0.045811	-0.317614	0	0
657.5	-0.11145	-0.292064	0	0
658	-0.228177	-0.160689	0	0
658.5	-0.26353	0.0232766	0	0
659	-0.206954	0.195699	0	0
659.5	-0.0789526	0.300292	0	0
660	0.075959	0.300226	0	0
660.5	0.202286	0.189702	0	0
661	0.252075	0.00367634	0	0
661.5	0.204619	-0.187261	0	0
662	0.0774245	-0.305576	0	0
662.5	-0.0801956	-0.305442	0	0
663	-0.208698	-0.192925	0	0
663.5	-0.262379	-0.0155238	0	0
664	-0.224158	0.163334	0	0
664.5	-0.108452	0.284962	0	0
665	0.0444891	0.307873	0	0
665.5	0.180361	0.219014	0	0
666	0.248274	0.0445976	0	0
666.5	0.220761	-0.150865	0	0
667	0.107342	-0.288533	0	0
667.5	-0.0480496	-0.313794	0	0
668	-0.186219	-0.222003	0	0
668.5	-0.257287	-0.0538304	0	0
669	-0.237831	0.128891	0	0
669.5	-0.135997	0.265598	0	0
670	0.0126733	0.310637	0	0
670.5	0.155785	0.24427	0	0
671	0.240405	0.0840816	0	0
671.5	0.232994	-0.112421	0	0
672	0.135086	-0.266816	0	0
672.5	-0.0155379	-0.31698	0	0
673	-0.161108	-0.247464	0	0
673.5	-0.248362	-0.09109	0	0
674	-0.247809	0.092872	0	0
674.5	-0.161205	0.242552	0	0
675	-0.0189926	0.308606	0	0
675.5	0.129	0.265178	0	0
676	0.228673	0.121493	0	0
676.5	0.241176	-0.0726396	0	0
677	0.160222	-0.240845	0	0
677.5	0.0168099	-0.31495	0	0
678	-0.133778	-0.268899	0	0
678.5	-0.23577	-0.126758	0	0
679	-0.253983	0.0557925	0	0
679.5	-0.183733	0.216212	0	0
680	-0.0500276	0.301932	0	0
680.5	0.100474	0.281532	0	0
681	0.213343	0.156256	0	0
681.5	0.245237	-0.0322422	0	0
682	0.182367	-0.21112	0	0
682.5	0.0484687	-0.307749	0	0
683	-0.104674	-0.285956	0	0
683.5	-0.219728	-0.160304	0	0
684	-0.256299	0.0181796	0	0
684.5	-0.203285	0.186997	0	0
685	-0.0799721	0.290822	0	0
685.5	0.0706864	0.293204	0	0
686	0.19473	0.187864	0	0
686.5	0.245179	0.00805885	0	0
687	0.201192	-0.178206	0	0
687.5	0.0789283	-0.295519	0	0
688	-0.0742697	-0.298351	0	0
688.5	-0.200507	-0.191222	0	0
689	-0.25476	-0.0194327	0	0
689.5	-0.219608	0.155351	0	0
690	-0.108393	0.275535	0	0
690.5	0.0401232	0.300144	0	0
691	0.173197	0.215887	0	0
691.5	0.241074	0.0475732	0	0
692	0.216431	-0.142725	0	0
692.5	0.107702	-0.278496	0	0
693	-0.0430591	-0.305878	0	0
693.5	-0.178423	-0.219034	0	0
694	-0.249419	-0.0565081	0	0
694.5	-0.2325	0.121743	0	0
695	-0.13489	0.256374	0	0
695.5	0.00926947	0.302373	0	0
696	0.149142	0.239971	0	0
696.5	0.233061	0.0856468	0	0
697	0.227884	-0.105335	0	0
697.5	0.134335	-0.257007	0	0
698	-0.0115479	-0.308412	0	0
698.5	-0.153837	-0.243306	0	0
699	-0.240389	-0.0925132	0	0
699.5	-0.241808	0.0866577	0	0
700	-0.159097	0.233681	0	0
700.5	-0.0213983	0.299978	0	0
701	0.122994	0.259842	0	0
701.5	0.22134	0.121674	0	0
702	0.23542	-0.0667196	0	0
702.5	0.158416	-0.231461	0	0
703	0.0197547	-0.305913	0	0
703.5	-0.12715	-0.263648	0	0
704	-0.227833	-0.126923	0	0
704.5	-0.247432	0.0505943	0	0
705	-0.180686	0.207834	0	0
705.5	-0.0514184	0.293106	0	0
706	0.0952013	0.275304	0	0
706.5	0.20617	0.155107	0	0
707	0.238976	-0.0275683	0	0
707.5	0.179578	-0.202345	0	0
708	0.0503451	-0.298437	0	0
708.5	-0.0987913	-0.279731	0	0
709	-0.211965	-0.15923	0	0
709.5	-0.249324	0.0140633	0	0
710	-0.199375	0.179238	0	0
710.5	-0.0803497	0.281961	0	0
711	0.0662268	0.286237	0	0
711.5	0.187857	0.185465	0	0
712	0.238561	0.0114363	0	0
712.5	0.197511	-0.170206	0	0
713	0.0797343	-0.286128	0	0
713.5	-0.0692204	-0.291288	0	0
714	-0.193051	-0.188946	0	0
714.5	-0.24749	-0.0224185	0	0
715	-0.214923	0.148325	0	0
715.5	-0.107777	0.266794	0	0
716	0.0365386	0.292597	0	0
716.5	0.166751	0.212335	0	0
717	0.234246	0.0496339	0	0
717.5	0.211965	-0.135642	0	0
718	0.107457	-0.26922	0	0
718.5	-0.0389133	-0.29813	0	0
719	-0.171399	-0.215618	0	0
719.5	-0.241987	-0.0583328	0	0
720	-0.227139	0.115548	0	0
720.5	-0.133315	0.247898	0	0
721	0.00660326	0.294406	0	0
721.5	0.143239	0.235383	0	0
722	0.226171	0.0863995	0	0
722.5	0.222751	-0.0992879	0	0
723	0.133078	-0.248034	0	0
723.5	-0.00835742	-0.300142	0	0
724	-0.14736	-0.238828	0	0
724.5	-0.232928	-0.0931647	0	0
725	-0.235879	0.0813787	0	0
725.5	-0.156614	0.225607	0	0
726	-0.0231207	0.291749	0	0
726.5	0.117733	0.254348	0	0
727	0.21453	0.121154	0	0
727.5	0.229748	-0.0617992	0	0
728	0.156205	-0.22297	0	0
728.5	0.0219574	-0.297298	0	0
729	-0.121323	-0.258209	0	0
729.5	-0.220472	-0.126409	0	0
730	-0.241049	0.0463004	0	0
730.5	-0.17736	0.200286	0	0
731	-0.0521893	0.284772	0	0
731.5	0.0906664	0.269043	0	0
732	0.199576	0.153375	0	0
732.5	0.2329	-0.0238381	0	0
733	0.17649	-0.194499	0	0
733.5	0.0515474	-0.289655	0	0
734	-0.0937038	-0.273447	0	0
734.5	-0.204832	-0.157575	0	0
735	-0.242606	0.0108079	0	0
735.5	-0.195281	0.172329	0	0
736	-0.0801781	0.273669	0	0
736.5	0.0624852	0.279357	0	0
737	0.181604	0.182602	0	0
737.5	0.232218	0.013941	0	0
738	0.193637	-0.16315	0	0
738.5	0.0799432	-0.277361	0	0
739	-0.0649464	-0.284293	0	0
739.5	-0.186266	-0.186198	0	0
740	-0.24056	-0.0245986	0	0
740.5	-0.21015	0.142154	0	0
741	-0.106688	0.258687	0	0
741.5	0.0336403	0.285247	0	0
742	0.160954	0.208442	0	0
742.5	0.227776	0.0509056	0	0
743	0.207409	-0.129499	0	0
743.5	0.106698	-0.260647	0	0
744	-0.0355106	-0.290571	0	0
744.5	-0.165074	-0.21184	0	0
745	-0.23497	-0.0594179	0	0
745.5	-0.221783	0.110202	0	0
746	-0.131349	0.240109	0	0
746.5	0.00458151	0.286735	0	0
747	0.137999	0.230574	0	0
747.5	0.219707	0.0864568	0	0
748	0.217628	-0.0941582	0	0
748.5	0.131398	-0.239826	0	0
749	-0.00586615	-0.292176	0	0
749.5	-0.141597	-0.234104	0	0
750	-0.225945	-0.0931524	0	0
750.5	-0.230043	0.0769291	0	0
751	-0.153823	0.218258	0	0
751.5	-0.0242497	0.283906	0	0
752	0.113137	0.248748	0	0
752.5	0.208205	0.12004	0	0
753	0.224181	-0.0577574	0	0
753.5	0.153664	-0.215288	0	0
754	0.0235152	-0.28909	0	0
754.5	-0.116212	-0.252639	0	0
755	-0.213645	-0.125315	0	0
755.5	-0.234843	0.0428047	0	0
756	-0.173811	0.193489	0	0
756.5	-0.0524253	0.2769	0	0
757	0.0867868	0.262788	0	0
757.5	0.193511	0.151154	0	0
758	0.227016	-0.0209327	0	0
758.5	0.173165	-0.187488	0	0
759	0.052168	-0.281375	0	0
759.5	-0.0893232	-0.267147	0	0
760	-0.198276	-0.155433	0	0
760.5	-0.236145	0.00830825	0	0
761	-0.191051	0.166184	0	0
761.5	-0.0795366	0.265907	0	0
762	0.0593778	0.272585	0	0
762.5	0.175915	0.179358	0	0
763	0.226145	0.0156877	0	0
763.5	0.18962	-0.156937	0	0
764	0.079641	-0.269176	0	0
764.5	-0.0613582	-0.277395	0	0
765	-0.18009	-0.183058	0	0
765.5	-0.233958	-0.0260757	0	0
766	-0.205325	0.13675	0	0
766.5	-0.105199	0.251163	0	0
767	0.0313452	0.278099	0	0
767.5	0.155742	0.204275	0	0
768	0.221644	0.0514965	0	0
768.5	0.202801	-0.124191	0	0
769	0.105506	-0.252721	0	0
769.5	-0.0327615	-0.283214	0	0
770	-0.159379	-0.207772	0	0
770.5	-0.228343	-0.0598619	0	0
771	-0.216456	0.105612	0	0
771.5	-0.129055	0.232946	0	0
772	0.00312286	0.279354	0	0
772.5	0.133354	0.225597	0	0
773	0.213642	0.0859187	0	0
773.5	0.21254	-0.0898393	0	0
774	0.129363	-0.232316	0	0
774.5	-0.00398638	-0.284513	0	0
775	-0.136475	-0.229192	0	0
775.5	-0.219408	-0.0925694	0	0
776	-0.224315	0.0732148	0	0
776.5	-0.150781	0.211567	0	0
777	-0.0248632	0.276429	0	0
777.5	0.109135	0.243083	0	0
778	0.202326	0.118422	0	0
778.5	0.21873	-0.0544876	0	0
779	0.150852	-0.208338	0	0
779.5	0.0245124	-0.281275	0	0
780	-0.111741	-0.246984	0	0
780.5	-0.207308	-0.123727	0	0
781	-0.228819	0.040013	0	0
781.5	-0.170088	0.18737	0	0
782	-0.0522	0.269461	0	0
782.5	0.0834885	0.256564	0	0
783	0.187931	0.148524	0	0
783.5	0.221323	-0.0187478	0	0
784	0.169653	-0.181227	0	0
784.5	0.0522864	-0.273566	0	0
785	-0.0855706	-0.260865	0	0
785.5	-0.192246	-0.15288	0	0
786	-0.229933	0.00647173	0	0
786.5	-0.186723	0.160726	0	0
787	-0.0784931	0.258633	0	0
787.5	0.0568301	0.265936	0	0
788	0.170736	0.175802	0	0
788.5	0.220332	0.0167761	0	0
789	0.185498	-0.151477	0	0
789.5	0.0789013	-0.261529	0	0
790	-0.058376	-0.270611	0	0
790.5	-0.174466	-0.179596	0	0
791	-0.227666	-0.0269394	0	0
791.5	-0.200476	0.13203	0	0
792	-0.103371	0.244175	0	0
792.5	0.0295797	0.271158	0	0
793	0.151057	0.199892	0	0
793.5	0.21583	0.0515	0	0
794	0.198169	-0.119625	0	0
794.5	0.103945	-0.245388	0	0
795	-0.0305871	-0.276066	0	0
795.5	-0.154253	-0.203471	0	0
796	-0.222081	-0.0597504	0	0
796.5	-0.211178	0.101695	0	0
797	-0.12649	0.226353	0	0
797.5	0.00215607	0.272253	0	0
798	0.129241	0.220497	0	0
798.5	0.207945	0.0848709	0	0
799	0.207505	-0.0862363	0	0
799.5	0.127033	-0.225439	0	0
800	-0.00264135	-0.277144	0	0
800.5	-0.131927	-0.224141	0	0
801	-0.213282	-0.0914958	0	0
801.5	-0.218705	0.0701518	0	0
802	-0.147535	0.205471	0	0
802.5	-0.0250291	0.269299	0	0
803	0.105661	0.237386	0	0
803.5	0.196856	0.116376	0	0
804	0.213403	-0.0518959	0	0
804.5	0.147818	-0.202047	0	0
805	0.0250223	-0.273832	0	0
805.5	-0.107841	-0.241282	0	0
806	-0.201421	-0.12172	0	0
806.5	-0.222977	0.037842	0	0
807	-0.166228	0.181861	0	0
807.5	-0.0515769	0.262426	0	0
808	0.0807052	0.250393	0	0
808.5	0.182791	0.145552	0	0
809	0.215819	-0.0171925	0	0
809.5	0.165995	-0.175638	0	0
810	0.0519714	-0.266197	0	0
810.5	-0.0823755	-0.254625	0	0
811	-0.186696	-0.149984	0	0
811.5	-0.223961	0.00521682	0	0
812	-0.182326	0.155884	0	0
812.5	-0.077106	0.251811	0	0
813	0.0547761	0.259417	0	0
813.5	0.166018	0.171989	0	0
814	0.214767	0.0172926	0	0
814.5	0.181303	-0.146689	0	0
815	0.0777872	-0.254379	0	0
815.5	-0.0559293	-0.263957	0	0
816	-0.169343	-0.175869	0	0
816.5	-0.221669	-0.0272683	0	0
817	-0.195624	0.127922	0	0
817.5	-0.101257	0.237676	0	0
818	0.0282789	0.26442	0	0
818.5	0.146844	0.195337	0	0
819	0.210315	0.0509967	0	0
819.5	0.193534	-0.115716	0	0
820	0.102072	-0.238596	0	0
820.5	-0.0289178	-0.269128	0	0
821	-0.149638	-0.198988	0	0
821.5	-0.216159	-0.0591578	0	0
822	-0.205961	0.0983764	0	0
822.5	-0.123697	0.220279	0	0
823	0.00161864	0.265421	0	0
823.5	0.125604	0.215309	0	0
824	0.202588	0.0833868	0	0
824.5	0.202534	-0.0832651	0	0
825	0.124456	-0.219136	0	0
825.5	-0.00176381	-0.270059	0	0
826	-0.127894	-0.218988	0	0
826.5	-0.207535	-0.0900008	0	0
827	-0.213216	0.0676653	0	0
827.5	-0.144123	0.199913	0	0
828	-0.0248067	0.262495	0	0
828.5	0.102656	0.231679	0	0
829	0.19176	0.113969	0	0
829.5	0.208204	-0.0498996	0	0
830	0.144605	-0.19635	0	0
830.5	0.0251088	-0.26674	0	0
831	-0.10445	-0.23556	0	0
831.5	-0.195946	-0.119356	0	0
832	-0.217313	0.0362178	0	0
832.5	-0.162264	0.176902	0	0
833	-0.0506112	0.255765	0	0
833.5	0.0783781	0.244287	0	0
834	0.17805	0.142294	0	0
834.5	0.210499	-0.0161869	0	0
835	0.162223	-0.170651	0	0
835.5	0.0512824	-0.259236	0	0
836	-0.0796749	-0.248445	0	0
836.5	-0.181581	-0.146799	0	0
837	-0.218219	0.00447164	0	0
837.5	-0.177884	0.151593	0	0
838	-0.0754255	0.245404	0	0
838.5	0.0531571	0.253034	0	0
839	0.161716	0.167967	0	0
839.5	0.209435	0.0173127	0	0
840	0.177059	-0.142498	0	0
840.5	0.0763528	-0.247685	0	0
841	-0.0539551	-0.257437	0	0
841.5	-0.164671	-0.171925	0	0
842	-0.215946	-0.0271313	0	0
842.5	-0.190787	0.124359	0	0
843	-0.0989019	0.231624	0	0
843.5	0.0273858	0.257881	0	0
844	0.143056	0.190649	0	0
844.5	0.205077	0.0500563	0	0
845	0.188914	-0.112389	0	0
845.5	0.099936	-0.232297	0	0
846	-0.0276921	-0.262396	0	0
846.5	-0.145484	-0.194361	0	0
847	-0.210552	-0.058149	0	0
847.5	-0.200815	0.0955889	0	0
848	-0.120717	0.214676	0	0
848.5	0.00145569	0.258844	0	0
849	0.122391	0.210061	0	0
849.5	0.197544	0.0815297	0	0
850	0.197636	-0.0808507	0	0
850.5	0.121675	-0.213351	0	0
851	-0.00129466	-0.263245	0	0
851.5	-0.12432	-0.213766	0	0
852	-0.202138	-0.0881443	0	0
852.5	-0.207851	0.0656886	0	0
853	-0.140578	0.194842	0	0
853.5	-0.0242478	0.255994	0	0
854	0.100069	0.225983	0	0
854.5	0.187005	0.111255	0	0
855	0.203131	-0.0484255	0	0
855.5	0.141246	-0.191188	0	0
856	0.0248276	-0.259976	0	0
856.5	-0.101511	-0.229841	0	0
857	-0.190846	-0.11669	0	0
857.5	-0.211821	0.0350749	0	0
858	-0.158221	0.172436	0	0
858.5	-0.0493506	0.24945	0	0
859	0.0764542	0.238258	0	0
859.5	0.17367	0.138798	0	0
860	0.205355	-0.0156609	0	0
860.5	0.158364	-0.166202	0	0
861	0.0502711	-0.252652	0	0
861.5	-0.0774124	-0.242337	0	0
862	-0.176861	-0.143374	0	0
862.5	-0.212694	0.00417274	0	0
863	-0.173418	0.147796	0	0
863.5	-0.0734951	0.239376	0	0
864	0.0519211	0.246788	0	0
864.5	0.157789	0.163776	0	0
865	0.204322	0.0169022	0	0
865.5	0.172787	-0.138839	0	0
866	0.0746448	-0.241408	0	0
866.5	-0.0523979	-0.251057	0	0
867	-0.160406	-0.167806	0	0
867.5	-0.210481	-0.0265887	0	0
868	-0.185978	0.121282	0	0
868.5	-0.0963437	0.225978	0	0
869	0.0268496	0.251532	0	0
869.5	0.139647	0.185859	0	0
870	0.200094	0.0487397	0	0
870.5	0.184319	-0.109578	0	0
871	0.0975776	-0.226446	0	0
871.5	-0.0268559	-0.255865	0	0
872	-0.141742	-0.189624	0	0
872.5	-0.205237	-0.0567804	0	0
873	-0.195746	0.0932728	0	0
873.5	-0.117583	0.209497	0	0
874	0.00161888	0.252506	0	0
874.5	0.119556	0.204776	0	0
875	0.192787	0.079354	0	0
875.5	0.192816	-0.0789267	0	0
876	0.118724	-0.208035	0	0
876.5	-0.00118195	-0.256687	0	0
877	-0.121158	-0.208498	0	0
877.5	-0.197059	-0.0859783	0	0
878	-0.20261	0.0641621	0	0
878.5	-0.136927	0.190208	0	0
879	-0.0233975	0.249775	0	0
879.5	0.0978521	0.220311	0	0
880	0.18256	0.108283	0	0
880.5	0.198183	-0.0474089	0	0
881	0.137771	-0.186503	0	0
881.5	0.0242276	-0.253517	0	0
882	-0.0989754	-0.224141	0	0
882.5	-0.186087	-0.113768	0	0
883	-0.206496	0.0343549	0	0
883.5	-0.154121	0.168412	0	0
884	-0.047837	0.243452	0	0
884.5	0.0748863	0.23231	0	0
885	0.169616	0.135105	0	0
885.5	0.200379	-0.0155528	0	0
886	0.154442	-0.162233	0	0
886.5	0.0489822	-0.246415	0	0
887	-0.0755378	-0.23631	0	0
887.5	-0.172498	-0.13975	0	0
888	-0.207374	0.00426396	0	0
888.5	-0.168943	0.144439	0	0
889	-0.0713523	0.233695	0	0
889.5	0.0510215	0.240676	0	0
890	0.154197	0.159449	0	0
890.5	0.199414	0.0161189	0	0
891	0.168501	-0.135652	0	0
891.5	0.0727036	-0.235511	0	0
892	-0.0512078	-0.244816	0	0
892.5	-0.156508	-0.163545	0	0
893	-0.205254	-0.0256938	0	0
893.5	-0.181205	0.118637	0	0
894	-0.0936155	0.220701	0	0
894.5	0.0266254	0.245366	0	0
895	0.136577	0.180993	0	0
895.5	0.195348	0.0470995	0	0
896	0.17976	-0.107222	0	0
896.5	0.0950322	-0.221	0	0
897	-0.0263609	-0.249527	0	0
897.5	-0.138369	-0.184804	0	0
898	-0.200189	-0.0551018	0	0
898.5	-0.190757	0.091374	0	0
899	-0.114322	0.204704	0	0
899.5	0.0020656	0.246393	0	0
900	0.117058	0.199471	0	0
900.5	0.18829	0.0769071	0	0
901	0.188075	-0.0774338	0	0
901.5	0.115633	-0.20314	0	0
902	-0.00137989	-0.250371	0	0
902.5	-0.118362	-0.203206	0	0
903	-0.192272	-0.0835481	0	0
903.5	-0.197489	0.0630325	0	0
904	-0.133194	0.185967	0	0
904.5	-0.0222958	0.243817	0	0
905	0.0959629	0.214674	0	0
905.5	0.178395	0.105093	0	0
906	0.193356	-0.0467924	0	0
906.5	0.134203	-0.182248	0	0
907	0.0233515	-0.247342	0	0
907.5	-0.0967965	-0.218472	0	0
908	-0.181638	-0.11063	0	0
908.5	-0.20133	0.034006	0	0
909	-0.149982	0.164785	0	0
909.5	-0.0461066	0.237745	0	0
910	0.0736322	0.226448	0	0
910.5	0.165856	0.131249	0	0
911	0.19556	-0.0158082	0	0
911.5	0.150473	-0.158691	0	0
912	0.047455	-0.240497	0	0
912.5	-0.0740058	-0.230369	0	0
913	-0.168457	-0.135961	0	0
913.5	-0.202246	0.00469559	0	0
914	-0.16447	0.141475	0	0
914.5	-0.0690295	0.228329	0	0
915	0.050417	0.234696	0	0
915.5	0.150907	0.155013	0	0
916	0.194695	0.0150135	0	0
916.5	0.164214	-0.132882	0	0
917	0.070564	-0.22996	0	0
917.5	-0.0503406	-0.238712	0	0
918	-0.152939	-0.159172	0	0
918.5	-0.200249	-0.0244935	0	0
919	-0.176475	0.116375	0	0
919.5	-0.0907457	0.215758	0	0
920	0.0266735	0.239373	0	0
920.5	0.13381	0.17607	0	0
921	0.190818	0.0451819	0	0
921.5	0.175241	-0.105267	0	0
922	0.09233	-0.215919	0	0
922.5	-0.0261644	-0.243373	0	0
923	-0.135327	-0.179923	0	0
923.5	-0.195387	-0.0531565	0	0
924	-0.18585	0.0898441	0	0
924.5	-0.110958	0.200256	0	0
925	0.00275818	0.240489	0	0
925.5	0.114858	0.194161	0	0
926	0.184032	0.0742299	0	0
926.5	0.183416	-0.0763191	0	0
927	0.112428	-0.198623	0	0
927.5	-0.00184805	-0.24428	0	0
928	-0.115892	-0.197905	0	0
928.5	-0.187751	-0.080893	0	0
929	-0.192486	0.0622521	0	0
929.5	-0.129397	0.182079	0	0
930	-0.0209775	0.238099	0	0
930.5	0.0943631	0.209079	0	0
931	0.174483	0.101722	0	0
931.5	0.188646	-0.0465251	0	0
932	0.130563	-0.178375	0	0
932.5	0.0222368	-0.241428	0	0
933	-0.0949342	-0.212845	0	0
933.5	-0.177469	-0.107312	0	0
934	-0.196313	0.0339819	0	0
934.5	-0.145818	0.161511	0	0
935	-0.0441914	0.232305	0	0
935.5	0.072654	0.220672	0	0
936	0.16236	0.127261	0	0
936.5	0.19089	-0.0163789	0	0
937	0.146473	-0.155529	0	0
937.5	0.0457235	-0.234869	0	0
938	-0.072776	-0.224518	0	0
938.5	-0.164706	-0.132037	0	0
939	-0.197298	0.00542348	0	0
939.5	-0.160009	0.13886	0	0
940	-0.0665553	0.22325	0	0
940.5	0.0500707	0.228842	0	0
941	0.147885	0.150492	0	0
941.5	0.190152	0.0136304	0	0
942	0.159935	-0.130483	0	0
942.5	0.0682564	-0.224723	0	0
943	-0.0497568	-0.232742	0	0
943.5	-0.149665	-0.15471	0	0
944	-0.195448	-0.0230293	0	0
944.5	-0.171793	0.114454	0	0
945	-0.0877588	0.211116	0	0
945.5	0.0269585	0.233543	0	0
946	0.131312	0.17111	0	0
946.5	0.186486	0.0430272	0	0
947	0.170768	-0.103666	0	0
947.5	0.0894971	-0.211169	0	0
948	-0.0262286	-0.237392	0	0
948.5	-0.132579	-0.175001	0	0
949	-0.190811	-0.0509827	0	0
949.5	-0.181025	0.0886395	0	0
950	-0.107513	0.196119	0	0
950.5	0.00366324	0.234779	0	0
951	0.112923	0.188858	0	0
951.5	0.179988	0.0713582	0	0
952	0.178836	-0.0755356	0	0
952.5	0.10913	-0.194444	0	0
953	-0.00255063	-0.2384	0	0
953.5	-0.113711	-0.192608	0	0
954	-0.183472	-0.0780474	0	0
954.5	-0.187597	0.0617783	0	0
955	-0.125552	0.178507	0	0
955.5	-0.0194735	0.232602	0	0
956	0.0930183	0.203533	0	0
956.5	0.1708	0.0981996	0	0
957	0.184047	-0.0465619	0	0
957.5	0.126867	-0.174842	0	0
958	0.0209168	-0.235754	0	0
958.5	-0.0933518	-0.207267	0	0
959	-0.173554	-0.103843	0	0
959.5	-0.191438	0.0342415	0	0
960	-0.14164	0.158552	0	0
960.5	-0.0421192	0.227107	0	0
961	0.0719176	0.214984	0	0
961.5	0.1591	0.123164	0	0
962	0.186357	-0.0172224	0	0
962.5	0.142453	-0.152703	0	0
963	0.0438178	-0.229507	0	0
963.5	-0.0718122	-0.218757	0	0
964	-0.161217	-0.128003	0	0
964.5	-0.192515	0.00640842	0	0
965	-0.155569	0.136554	0	0
965.5	-0.0639543	0.21843	0	0
966	0.0499494	0.223111	0	0
966.5	0.145103	0.145906	0	0
967	0.18577	0.0120089	0	0
967.5	0.155671	-0.128409	0	0
968	0.0658072	-0.21977	0	0
968.5	-0.0494211	-0.226901	0	0
969	-0.146655	-0.150181	0	0
969.5	-0.190834	-0.0213378	0	0
970	-0.167163	0.112832	0	0
970.5	-0.084676	0.206746	0	0
971	0.0274487	0.227866	0	0
971.5	0.129052	0.166125	0	0
972	0.182334	0.0406709	0	0
972.5	0.166343	-0.102375	0	0
973	0.086556	-0.206715	0	0
973.5	-0.0265196	-0.231577	0	0
974	-0.130094	-0.170052	0	0
974.5	-0.186439	-0.048614	0	0
975	-0.176281	0.0877211	0	0
975.5	-0.104002	0.192262	0	0
976	0.00475117	0.22925	0	0
976.5	0.11122	0.18357	0	0
977	0.17614	0.068323	0	0
977.5	0.174334	-0.0750409	0	0
978	0.105757	-0.190569	0	0
978.5	-0.00345593	-0.232714	0	0
979	-0.111787	-0.187325	0	0
979.5	-0.179411	-0.0750415	0	0
980	-0.182815	0.0615726	0	0
980.5	-0.121674	0.175216	0	0
981	-0.0178112	0.227308	0	0
981.5	0.0918975	0.198039	0	0
982	0.167322	0.0945526	0	0
982.5	0.179552	-0.0468622	0	0
983	0.12313	-0.171613	0	0
983.5	0.0194204	-0.230301	0	0
984	-0.0920162	-0.201742	0	0
984.5	-0.169867	-0.10025	0	0
985	-0.186695	0.0347477	0	0
985.5	-0.13746	0.155874	0	0
986	-0.0399148	0.222129	0	0
986.5	0.0713924	0.209381	0	0
987	0.156052	0.118982	0	0
987.5	0.181953	-0.0183009	0	0
988	0.138425	-0.150175	0	0
988.5	0.0417641	-0.224386	0	0
989	-0.0710816	-0.213086	0	0
989.5	-0.157961	-0.123883	0	0
990	-0.187887	0.00761545	0	0
990.5	-0.151155	0.134523	0	0
991	-0.0612481	0.213845	0	0
991.5	0.0500237	0.217496	0	0
992	0.142534	0.141272	0	0
992.5	0.181536	0.0101839	0	0
993	0.15143	-0.126622	0	0
993.5	0.0632394	-0.215073	0	0
994	-0.0493018	-0.221184	0	0
994.5	-0.14388	-0.145601	0	0
995	-0.186393	-0.0194515	0	0
995.5	-0.162587	0.111474	0	0
996	-0.0815159	0.20262	0	0
996.5	0.028116	0.222332	0	0
997	0.127004	0.16113	0	0
997.5	0.178346	0.0381443	0	0
998	0.161968	-0.101355	0	0
998.5	0.0835264	-0.202526	0	0
999	-0.0270074	-0.225914	0	0
999.5	-0.127841	-0.165091	0	0
1000	-0.182254	-0.0460801	0	0
1000.5	-0.171617	0.0870533	0	0
1001	-0.100442	0.188654	0	0
1001.5	0.00599564	0.223885	0	0
1002	0.109723	0.178305	0	0
1002.5	0.172468	0.0651517	0	0
1003	0.169908	-0.0747974	0	0
1003.5	0.102326	-0.186963	0	0
1004	-0.00453574	-0.227208	0	0
1004.5	-0.11009	-0.182066	0	0
1005	-0.175548	-0.0719017	0	0
1005.5	-0.178137	0.0616006	0	0
1006	-0.117774	0.172176	0	0
1006.5	-0.0160147	0.222198	0	0
1007	0.0909726	0.1926	0	0
1007.5	0.164028	0.0908042	0	0
1008	0.175157	-0.0473903	0	0
1008.5	0.119363	-0.168652	0	0
1009	0.0177737	-0.22505	0	0
1009.5	-0.0908976	-0.196274	0	0
1010	-0.166386	-0.0965554	0	0
1010.5	-0.182076	0.0354677	0	0
1011	-0.133284	0.153443	0	0
1011.5	-0.0375997	0.217352	0	0
1012	0.071051	0.203862	0	0
1012.5	0.153191	0.114733	0	0
1013	0.177668	-0.0195807	0	0
1013.5	0.134396	-0.147909	0	0
1014	0.0395856	-0.219483	0	0
1014.5	-0.0705551	-0.207504	0	0
1015	-0.154915	-0.119694	0	0
1015.5	-0.1834	0.00901341	0	0
1016	-0.146771	0.132734	0	0
1016.5	-0.0584558	0.209471	0	0
1017	0.0502669	0.21199	0	0
1017.5	0.140153	0.136605	0	0
1018	0.177438	0.00818602	0	0
1018.5	0.147214	-0.125087	0	0
1019	0.0605733	-0.210606	0	0
1019.5	-0.0493708	-0.215585	0	0
1020	-0.141315	-0.140987	0	0
1020.5	-0.182109	-0.0173993	0	0
1021	-0.158066	0.110349	0	0
1021.5	-0.0782944	0.198712	0	0
1022	0.0289353	0.21693	0	0
1022.5	0.12514	0.156132	0	0
1023	0.174506	0.0354748	0	0
1023.5	0.157644	-0.100571	0	0
1024	0.0804253	-0.198575	0	0
1024.5	-0.0276649	-0.220396	0	0
