1   22500   10095   2150373 11574
2   11250   10119   987690  11645
3   7500    10216   660635  11631
4   5625    10165   521741  11692
5   4500    10298   414319  11665
6   3750    10222   332241  11754
7   3215    10167   288837  11486
8   2813    10149   261622  11667
9   2500    10112   258902  11652
10  2250    10153   216319  11681
11  2046    10239   198282  11586
12  1875    10090   188710  11696
13  1731    10202   173823  11812
14  1608    10071   174659  11613
15  1500    10201   156582  11615
16  1407    10103   154828  11633
17  1324    10187   152384  11658
18  1250    10175   152526  11733
19  1185    10191   152549  11682
20  1125    10169   147401  11649
21  1072    10119   137596  11596
22  1023    10168   136557  11683
23  979 10255   120723  11616
24  938 10134   138802  11744
25  900 10128   140812  11749
26  866 10124   137172  11865
27  834 10188   127752  11684
28  804 10178   130747  11679
29  776 10066   130823  11705
30  750 10066   126982  11672
31  726 10241   130767  11551
32  704 10136   127587  11733