1   22500   10310   2149721 12798
2   11250   10113   984459  12704
3   7500    10133   660735  12706
4   5625    10221   521366  12716
5   4500    9757    414543  12658
6   3750    10149   332135  12636
7   3215    10069   289173  12642
8   2813    10263   261272  12795
9   2500    10115   259015  12762
10  2250    10100   216442  12663
11  2046    10264   198444  12687
12  1875    10387   196975  12789
13  1731    10178   173803  12729
14  1608    10234   174524  12717
15  1500    10156   154921  12765
16  1407    10271   154815  12762
17  1324    10140   152380  12751
18  1250    10198   152516  12742
19  1185    10177   152559  12726
20  1125    10103   147420  12741
21  1072    10223   136092  12777
22  1023    10195   135219  12522
23  979 10233   119684  12630
24  938 10199   138768  12878
25  900 10262   142915  12787
26  866 10136   140355  12694
27  834 10285   136535  12682
28  804 10115   133099  12556
29  776 10207   130874  12726
30  750 10211   128125  12621
31  726 10112   130002  12694
32  704 10179   129023  12738
