1   22500   10293   2143215 12723
2   11250   10261   986135  12658
3   7500    10144   660749  12863
4   5625    10256   521455  13649
5   4500    10088   414800  12733
6   3750    10117   332173  12704
7   3215    10207   289172  12500
8   2813    10118   261611  12544
9   2500    10263   256718  12704
10  2250    10332   216367  12729
11  2046    10075   198365  12651
12  1875    10271   188553  12729
13  1731    10119   173845  12629
14  1608    10111   174642  12685
15  1500    10107   157501  12607
16  1407    10189   154912  12637
17  1324    10169   152701  13048
18  1250    10184   152477  12735
19  1185    10105   152483  12767
20  1125    10307   147582  12685
21  1072    10151   137034  12583
22  1023    10157   134075  12674
23  979 10238   124960  12728
24  938 10161   143442  12613
25  900 10184   140238  12844
26  866 10186   140206  12842
27  834 10110   134441  12761
28  804 10082   132039  12704
29  776 10251   131134  12630
30  750 10118   127024  12792
31  726 10184   129087  12671
32  704 10073   130305  11605