1   6500    9149    688272  26094
2   3250    9655    302360  12394
3   2167    9949    197731  12751
4   1625    8904    153623  21814
5   1300    9181    121184  18696
6   1084    9678    94594   12592
7   929 8952    82872   16976
8   813 11059   73169   22582
9   723 8504    72986   15754
10  650 11456   59371   22421
11  591 12286   53153   21025
12  542 9060    49324   15151
13  500 11481   46432   20980
14 465  9227    45495   22174
15  434 9607    40630   22755
16  407 11780   47954   20373
17  383 9491    44717   21899
18  362 10123   45330   21169
19  343 12411   44369   22093
20  325 10889   42550   20567
21  310 13469   40381   21818
22  296 9829    41840   16898
23  283 11424   41029   21249
24  271 12473   38612   21618
25  260 11474   43112   20916
26  250 13260   41364   20726
27  241 12568   38997   21505
28  233 11122   38915   18591
29  225 12635   38437   22446
30  217 12591   36808   21495
31  210 12071   40554   22041
32  204 9180    39382   16513