1   6500    9355    673437  18721
2   3250    8759    301720  26477
3   2167    9241    196244  17173
4   1625    9177    149635  23715
5   1300    8948    120346  11266
6   1084    9445    94352   25957
7   929 9179    82703   22006
8   813 8621    72720   14836
9   723 10860   72521   24945
10  650 10382   58498   17722
11  591 9477    54342   15937
12  542 10372   49408   21128
13  500 16672   45634   23438
14  465 12364   45007   12496
15  434 9724    40975   20579
16  407 12461   45675   17143
17  383 11221   44141   23408
18  362 9431    45199   25050
19  343 8828    42892   24235
20  325 13242   42068   21478
21  310 11986   40203   11177
22  296 11328   41793   22375
23  283 9988    37516   13039
24  271 16628   38692   17405
25  260 9074    42683   21407
26  250 9332    41285   18091
27  241 9409    40086   22292
28  233 12525   38239   23601
29  225 17168   34931   12930
30  217 12529   38296   20978
31  210 9952    39024   23274
32  204 11603   38139   22497