1   22500   64581   8022918 71460
2   11250   62633   3661337 73923
3   7500    57348   2363769 69693
4   5625    60457   1753304 57414
5   4500    60555   1429603 66880
6   3750    60560   1171872 71134
7   3215    60842   1009159 55648
8   2813    60682   874699  73150
9   2500    60503   794400  71819
10  2250    57083   716102  70809
11  2046    59357   666786  70545
12  1875    57293   596198  62008
13  1731    63089   569010  53144
14  1608    57954   537608  68625
15  1500    61744   523846  55565
16  1407    59194   486977  56935
17  1324    59394   476701  61003
18  1250    60631   458248  68738
19  1185    63707   431828  109135
20  1125    56359   406407  104731
21  1072    60159   399287  88822
22  1023    56334   400746  48822
23  979 59690   352040  76372
24  938 60899   369403  73160
25  900 60824   370068  64431
26  866 56674   359612  51952
27  834 57330   339092  81510
28  804 59774   339811  77374
29  776 59827   332232  111297
30  750 77739   336080  68417
31  726 59275   352649  80551
32  704 59479   329924  74614