1   22500   65251   8027182 56739
2   11250   56412   3659259 70647
3   7500    59486   2361249 72422
4   5625    57689   1752542 59303
5   4500    58168   1430572 79752
6   3750    60175   1171998 78480
7   3215    57965   1005790 73660
8   2813    58785   873774  65302
9   2500    60951   847762  71624
10  2250    60999   734946  71116
11  2046    58099   664807  71567
12  1875    58988   596357  61905
13  1731    59730   566862  66729
14  1608    61752   538008  57140
15  1500    59178   532933  70481
16  1407    58976   498757  66404
17  1324    59102   477102  73272
18  1250    60531   458158  66697
19  1185    63934   435746  52650
20  1125    58485   420936  73158
21  1072    64582   399685  66630
22  1023    57663   398366  80328
23  979 62806   356895  118778
24  938 58334   371758  73919
25  900 59399   369624  56823
26  866 59690   360853  56842
27  834 57886   338513  79587
28  804 58312   318059  78349
29  776 58119   332804  60288
30  750 60386   330791  66847
31  726 56513   343291  57540
32  704 60751   334620  82254