1   22500   65048   8037643 69967
2   11250   68606   3662668 47882
3   7500    60069   2369961 100117
4   5625    60574   1754830 63440
5   4500    58614   1431465 58404
6   3750    58508   1171541 68915
7   3215    60876   1011948 69022
8   2813    62245   877739  66387
9   2500    58229   847726  65137
10  2250    60936   728463  77142
11  2046    58231   665094  63987
12  1875    59402   597250  54061
13  1731    60321   569589  69070
14  1608    59741   539607  66991
15  1500    60041   532200  66696
16  1407    56688   499378  74679
17  1324    57648   478657  70459
18  1250    59323   455492  71203
19  1185    63234   432230  59025
20  1125    59506   414927  67265
21  1072    57521   398330  46747
22  1023    60585   398974  60803
23  979 59689   351926  121586
24  938 57385   377944  73984
25  900 56822   364378  63380
26  866 64079   345992  84049
27  834 60677   336169  70746
28  804 61867   335095  78417
29  776 60101   332791  75465
30  750 58593   330318  58128
31  726 59979   347657  92256
32  704 59045   335009  77334
